#         i          j          k                    x                    y                    z          Dens          MomX          MomY          MomZ          Engy      Pressure   Sound speed
          0          0          0 7.81250000000000e-03 7.81250000000000e-03 7.81250000000000e-03  1.000000e+00  0.000000e+00  0.000000e+00  0.000000e+00  2.499999e-05  9.999995e-06  3.741656e-03
        256        256        256 2.34375000000000e-02 2.34375000000000e-02 2.34375000000000e-02  1.000000e+00  0.000000e+00  0.000000e+00  0.000000e+00  2.499999e-05  9.999995e-06  3.741656e-03
        512        512        512 3.90625000000000e-02 3.90625000000000e-02 3.90625000000000e-02  1.000000e+00  0.000000e+00  0.000000e+00  0.000000e+00  2.499999e-05  9.999995e-06  3.741656e-03
        768        768        768 5.46875000000000e-02 5.46875000000000e-02 5.46875000000000e-02  1.000000e+00  0.000000e+00  0.000000e+00  0.000000e+00  2.499999e-05  9.999995e-06  3.741656e-03
       1024       1024       1024 7.03125000000000e-02 7.03125000000000e-02 7.03125000000000e-02  1.000000e+00  0.000000e+00  0.000000e+00  0.000000e+00  2.499999e-05  9.999995e-06  3.741656e-03
       1280       1280       1280 8.59375000000000e-02 8.59375000000000e-02 8.59375000000000e-02  1.000000e+00  0.000000e+00  0.000000e+00  0.000000e+00  2.499999e-05  9.999995e-06  3.741656e-03
       1536       1536       1536 1.01562500000000e-01 1.01562500000000e-01 1.01562500000000e-01  1.000000e+00  0.000000e+00  0.000000e+00  0.000000e+00  2.499999e-05  9.999995e-06  3.741656e-03
       1792       1792       1792 1.17187500000000e-01 1.17187500000000e-01 1.17187500000000e-01  1.000000e+00  0.000000e+00  0.000000e+00  0.000000e+00  2.499999e-05  9.999995e-06  3.741656e-03
       2048       2048       2048 1.32812500000000e-01 1.32812500000000e-01 1.32812500000000e-01  1.000000e+00  0.000000e+00  0.000000e+00  0.000000e+00  2.499999e-05  9.999995e-06  3.741656e-03
       2304       2304       2304 1.48437500000000e-01 1.48437500000000e-01 1.48437500000000e-01  1.000000e+00  0.000000e+00  0.000000e+00  0.000000e+00  2.499999e-05  9.999995e-06  3.741656e-03
       2560       2560       2560 1.64062500000000e-01 1.64062500000000e-01 1.64062500000000e-01  1.000000e+00  0.000000e+00  0.000000e+00  0.000000e+00  2.499999e-05  9.999995e-06  3.741656e-03
       2816       2816       2816 1.79687500000000e-01 1.79687500000000e-01 1.79687500000000e-01  1.000000e+00  0.000000e+00  0.000000e+00  0.000000e+00  2.499999e-05  9.999995e-06  3.741656e-03
       3072       3072       3072 1.95312500000000e-01 1.95312500000000e-01 1.95312500000000e-01  1.000000e+00  0.000000e+00  0.000000e+00  0.000000e+00  2.499999e-05  9.999995e-06  3.741656e-03
       3328       3328       3328 2.10937500000000e-01 2.10937500000000e-01 2.10937500000000e-01  1.000000e+00  0.000000e+00  0.000000e+00  0.000000e+00  2.499999e-05  9.999995e-06  3.741656e-03
       3584       3584       3584 2.26562500000000e-01 2.26562500000000e-01 2.26562500000000e-01  1.000000e+00  0.000000e+00  0.000000e+00  0.000000e+00  2.499999e-05  9.999995e-06  3.741656e-03
       3840       3840       3840 2.42187500000000e-01 2.42187500000000e-01 2.42187500000000e-01  1.000000e+00  0.000000e+00  0.000000e+00  0.000000e+00  2.499999e-05  9.999995e-06  3.741656e-03
      12288      12288      12288 7.57812500000000e-01 7.57812500000000e-01 7.57812500000000e-01  1.000000e+00  0.000000e+00  0.000000e+00  0.000000e+00  2.499999e-05  9.999995e-06  3.741656e-03
      12544      12544      12544 7.73437500000000e-01 7.73437500000000e-01 7.73437500000000e-01  1.000000e+00  0.000000e+00  0.000000e+00  0.000000e+00  2.499999e-05  9.999995e-06  3.741656e-03
      12800      12800      12800 7.89062500000000e-01 7.89062500000000e-01 7.89062500000000e-01  1.000000e+00  0.000000e+00  0.000000e+00  0.000000e+00  2.499999e-05  9.999995e-06  3.741656e-03
      13056      13056      13056 8.04687500000000e-01 8.04687500000000e-01 8.04687500000000e-01  1.000000e+00  0.000000e+00  0.000000e+00  0.000000e+00  2.499999e-05  9.999995e-06  3.741656e-03
      13312      13312      13312 8.20312500000000e-01 8.20312500000000e-01 8.20312500000000e-01  1.000000e+00  0.000000e+00  0.000000e+00  0.000000e+00  2.499999e-05  9.999995e-06  3.741656e-03
      13568      13568      13568 8.35937500000000e-01 8.35937500000000e-01 8.35937500000000e-01  1.000000e+00  0.000000e+00  0.000000e+00  0.000000e+00  2.499999e-05  9.999995e-06  3.741656e-03
      13824      13824      13824 8.51562500000000e-01 8.51562500000000e-01 8.51562500000000e-01  1.000000e+00  0.000000e+00  0.000000e+00  0.000000e+00  2.499999e-05  9.999995e-06  3.741656e-03
      14080      14080      14080 8.67187500000000e-01 8.67187500000000e-01 8.67187500000000e-01  1.000000e+00  0.000000e+00  0.000000e+00  0.000000e+00  2.499999e-05  9.999995e-06  3.741656e-03
      14336      14336      14336 8.82812500000000e-01 8.82812500000000e-01 8.82812500000000e-01  1.000000e+00  0.000000e+00  0.000000e+00  0.000000e+00  2.499999e-05  9.999995e-06  3.741656e-03
      14592      14592      14592 8.98437500000000e-01 8.98437500000000e-01 8.98437500000000e-01  1.000000e+00  0.000000e+00  0.000000e+00  0.000000e+00  2.499999e-05  9.999995e-06  3.741656e-03
      14848      14848      14848 9.14062500000000e-01 9.14062500000000e-01 9.14062500000000e-01  1.000000e+00  0.000000e+00  0.000000e+00  0.000000e+00  2.499999e-05  9.999995e-06  3.741656e-03
      15104      15104      15104 9.29687500000000e-01 9.29687500000000e-01 9.29687500000000e-01  1.000000e+00  0.000000e+00  0.000000e+00  0.000000e+00  2.499999e-05  9.999995e-06  3.741656e-03
      15360      15360      15360 9.45312500000000e-01 9.45312500000000e-01 9.45312500000000e-01  1.000000e+00  0.000000e+00  0.000000e+00  0.000000e+00  2.499999e-05  9.999995e-06  3.741656e-03
      15616      15616      15616 9.60937500000000e-01 9.60937500000000e-01 9.60937500000000e-01  1.000000e+00  0.000000e+00  0.000000e+00  0.000000e+00  2.499999e-05  9.999995e-06  3.741656e-03
      15872      15872      15872 9.76562500000000e-01 9.76562500000000e-01 9.76562500000000e-01  1.000000e+00  0.000000e+00  0.000000e+00  0.000000e+00  2.499999e-05  9.999995e-06  3.741656e-03
      16128      16128      16128 9.92187500000000e-01 9.92187500000000e-01 9.92187500000000e-01  1.000000e+00  0.000000e+00  0.000000e+00  0.000000e+00  2.499999e-05  9.999995e-06  3.741656e-03
       4096       4096       4096 2.53906250000000e-01 2.53906250000000e-01 2.53906250000000e-01  1.000000e+00  0.000000e+00  0.000000e+00  0.000000e+00  2.499999e-05  9.999995e-06  3.741656e-03
       4224       4224       4224 2.61718750000000e-01 2.61718750000000e-01 2.61718750000000e-01  1.000000e+00  0.000000e+00  0.000000e+00  0.000000e+00  2.499999e-05  9.999995e-06  3.741656e-03
       4352       4352       4352 2.69531250000000e-01 2.69531250000000e-01 2.69531250000000e-01  1.000000e+00  0.000000e+00  0.000000e+00  0.000000e+00  2.499999e-05  9.999995e-06  3.741656e-03
       4480       4480       4480 2.77343750000000e-01 2.77343750000000e-01 2.77343750000000e-01  1.000000e+00  0.000000e+00  0.000000e+00  0.000000e+00  2.499999e-05  9.999995e-06  3.741656e-03
       4608       4608       4608 2.85156250000000e-01 2.85156250000000e-01 2.85156250000000e-01  1.000000e+00  0.000000e+00  0.000000e+00  0.000000e+00  2.499999e-05  9.999995e-06  3.741656e-03
       4736       4736       4736 2.92968750000000e-01 2.92968750000000e-01 2.92968750000000e-01  1.000000e+00  0.000000e+00  0.000000e+00  0.000000e+00  2.499999e-05  9.999995e-06  3.741656e-03
       4864       4864       4864 3.00781250000000e-01 3.00781250000000e-01 3.00781250000000e-01  1.000000e+00  0.000000e+00  0.000000e+00  0.000000e+00  2.499999e-05  9.999995e-06  3.741656e-03
       4992       4992       4992 3.08593750000000e-01 3.08593750000000e-01 3.08593750000000e-01  1.000000e+00  0.000000e+00  0.000000e+00  0.000000e+00  2.499999e-05  9.999995e-06  3.741656e-03
       5120       5120       5120 3.16406250000000e-01 3.16406250000000e-01 3.16406250000000e-01  1.000000e+00  0.000000e+00  0.000000e+00  0.000000e+00  2.499999e-05  9.999995e-06  3.741656e-03
       5248       5248       5248 3.24218750000000e-01 3.24218750000000e-01 3.24218750000000e-01  1.000000e+00  0.000000e+00  0.000000e+00  0.000000e+00  2.499999e-05  9.999995e-06  3.741656e-03
       5376       5376       5376 3.32031250000000e-01 3.32031250000000e-01 3.32031250000000e-01  1.000000e+00  0.000000e+00  0.000000e+00  0.000000e+00  2.499999e-05  9.999995e-06  3.741656e-03
       5504       5504       5504 3.39843750000000e-01 3.39843750000000e-01 3.39843750000000e-01  1.000000e+00  0.000000e+00  0.000000e+00  0.000000e+00  2.499999e-05  9.999995e-06  3.741656e-03
       5632       5632       5632 3.47656250000000e-01 3.47656250000000e-01 3.47656250000000e-01  1.000000e+00  0.000000e+00  0.000000e+00  0.000000e+00  2.499999e-05  9.999995e-06  3.741656e-03
       5760       5760       5760 3.55468750000000e-01 3.55468750000000e-01 3.55468750000000e-01  1.000000e+00  0.000000e+00  0.000000e+00  0.000000e+00  2.499999e-05  9.999995e-06  3.741656e-03
       5888       5888       5888 3.63281250000000e-01 3.63281250000000e-01 3.63281250000000e-01  1.000000e+00 -2.220446e-16 -2.220446e-16 -2.220446e-16  2.499999e-05  9.999995e-06  3.741656e-03
       6016       6016       6016 3.71093750000000e-01 3.71093750000000e-01 3.71093750000000e-01  1.000000e+00 -4.607426e-15 -4.607426e-15 -4.607426e-15  2.499999e-05  9.999995e-06  3.741656e-03
      10240      10240      10240 6.28906250000000e-01 6.28906250000000e-01 6.28906250000000e-01  1.000000e+00  4.607426e-15  4.607426e-15  4.607426e-15  2.499999e-05  9.999995e-06  3.741656e-03
      10368      10368      10368 6.36718750000000e-01 6.36718750000000e-01 6.36718750000000e-01  1.000000e+00  2.220446e-16  2.220446e-16  2.220446e-16  2.499999e-05  9.999995e-06  3.741656e-03
      10496      10496      10496 6.44531250000000e-01 6.44531250000000e-01 6.44531250000000e-01  1.000000e+00  0.000000e+00  0.000000e+00  0.000000e+00  2.499999e-05  9.999995e-06  3.741656e-03
      10624      10624      10624 6.52343750000000e-01 6.52343750000000e-01 6.52343750000000e-01  1.000000e+00  0.000000e+00  0.000000e+00  0.000000e+00  2.499999e-05  9.999995e-06  3.741656e-03
      10752      10752      10752 6.60156250000000e-01 6.60156250000000e-01 6.60156250000000e-01  1.000000e+00  0.000000e+00  0.000000e+00  0.000000e+00  2.499999e-05  9.999995e-06  3.741656e-03
      10880      10880      10880 6.67968750000000e-01 6.67968750000000e-01 6.67968750000000e-01  1.000000e+00  0.000000e+00  0.000000e+00  0.000000e+00  2.499999e-05  9.999995e-06  3.741656e-03
      11008      11008      11008 6.75781250000000e-01 6.75781250000000e-01 6.75781250000000e-01  1.000000e+00  0.000000e+00  0.000000e+00  0.000000e+00  2.499999e-05  9.999995e-06  3.741656e-03
      11136      11136      11136 6.83593750000000e-01 6.83593750000000e-01 6.83593750000000e-01  1.000000e+00  0.000000e+00  0.000000e+00  0.000000e+00  2.499999e-05  9.999995e-06  3.741656e-03
      11264      11264      11264 6.91406250000000e-01 6.91406250000000e-01 6.91406250000000e-01  1.000000e+00  0.000000e+00  0.000000e+00  0.000000e+00  2.499999e-05  9.999995e-06  3.741656e-03
      11392      11392      11392 6.99218750000000e-01 6.99218750000000e-01 6.99218750000000e-01  1.000000e+00  0.000000e+00  0.000000e+00  0.000000e+00  2.499999e-05  9.999995e-06  3.741656e-03
      11520      11520      11520 7.07031250000000e-01 7.07031250000000e-01 7.07031250000000e-01  1.000000e+00  0.000000e+00  0.000000e+00  0.000000e+00  2.499999e-05  9.999995e-06  3.741656e-03
      11648      11648      11648 7.14843750000000e-01 7.14843750000000e-01 7.14843750000000e-01  1.000000e+00  0.000000e+00  0.000000e+00  0.000000e+00  2.499999e-05  9.999995e-06  3.741656e-03
      11776      11776      11776 7.22656250000000e-01 7.22656250000000e-01 7.22656250000000e-01  1.000000e+00  0.000000e+00  0.000000e+00  0.000000e+00  2.499999e-05  9.999995e-06  3.741656e-03
      11904      11904      11904 7.30468750000000e-01 7.30468750000000e-01 7.30468750000000e-01  1.000000e+00  0.000000e+00  0.000000e+00  0.000000e+00  2.499999e-05  9.999995e-06  3.741656e-03
      12032      12032      12032 7.38281250000000e-01 7.38281250000000e-01 7.38281250000000e-01  1.000000e+00  0.000000e+00  0.000000e+00  0.000000e+00  2.499999e-05  9.999995e-06  3.741656e-03
      12160      12160      12160 7.46093750000000e-01 7.46093750000000e-01 7.46093750000000e-01  1.000000e+00  0.000000e+00  0.000000e+00  0.000000e+00  2.499999e-05  9.999995e-06  3.741656e-03
       7168       7168       7168 4.39453125000000e-01 4.39453125000000e-01 4.39453125000000e-01  2.681738e-01 -2.291253e+00 -2.291252e+00 -2.291252e+00  6.301037e+02  2.402957e+02  3.541840e+01
       7232       7232       7232 4.43359375000000e-01 4.43359375000000e-01 4.43359375000000e-01  1.614424e-01 -1.337044e+00 -1.337043e+00 -1.337043e+00  5.977184e+02  2.324434e+02  4.489664e+01
       7296       7296       7296 4.47265625000000e-01 4.47265625000000e-01 4.47265625000000e-01  5.404424e-02 -4.676141e-01 -4.676143e-01 -4.676139e-01  5.754975e+02  2.277714e+02  7.681374e+01
       7360       7360       7360 4.51171875000000e-01 4.51171875000000e-01 4.51171875000000e-01  5.047026e-03 -3.766865e-02 -3.766858e-02 -3.766833e-02  5.692009e+02  2.275117e+02  2.512165e+02
       7424       7424       7424 4.55078125000000e-01 4.55078125000000e-01 4.55078125000000e-01  3.951922e-03 -2.262323e-02 -2.262329e-02 -2.262321e-02  5.681138e+02  2.271678e+02  2.836830e+02
       7488       7488       7488 4.58984375000000e-01 4.58984375000000e-01 4.58984375000000e-01  2.996402e-03 -1.485312e-02 -1.485318e-02 -1.485298e-02  5.675683e+02  2.269832e+02  3.256573e+02
       7552       7552       7552 4.62890625000000e-01 4.62890625000000e-01 4.62890625000000e-01  2.389468e-03 -1.129857e-02 -1.129860e-02 -1.129858e-02  5.672338e+02  2.268615e+02  3.645807e+02
       7616       7616       7616 4.66796875000000e-01 4.66796875000000e-01 4.66796875000000e-01  2.280353e-03 -1.181558e-02 -1.181556e-02 -1.181552e-02  5.670241e+02  2.267729e+02  3.731286e+02
       7680       7680       7680 4.70703125000000e-01 4.70703125000000e-01 4.70703125000000e-01  2.256447e-03 -1.074669e-02 -1.074673e-02 -1.074662e-02  5.667950e+02  2.266873e+02  3.750292e+02
       7744       7744       7744 4.74609375000000e-01 4.74609375000000e-01 4.74609375000000e-01  2.246694e-03 -7.892682e-03 -7.892583e-03 -7.892546e-03  5.665866e+02  2.266180e+02  3.757848e+02
       7808       7808       7808 4.78515625000000e-01 4.78515625000000e-01 4.78515625000000e-01  2.243933e-03 -5.734387e-03 -5.734365e-03 -5.734385e-03  5.664493e+02  2.265710e+02  3.759770e+02
       7872       7872       7872 4.82421875000000e-01 4.82421875000000e-01 4.82421875000000e-01  2.245115e-03 -4.386843e-03 -4.386859e-03 -4.386777e-03  5.663591e+02  2.265385e+02  3.758510e+02
       7936       7936       7936 4.86328125000000e-01 4.86328125000000e-01 4.86328125000000e-01  2.274720e-03 -3.254390e-03 -3.254286e-03 -3.254267e-03  5.663117e+02  2.265219e+02  3.733835e+02
       8000       8000       8000 4.90234375000000e-01 4.90234375000000e-01 4.90234375000000e-01  2.331889e-03 -2.273905e-03 -2.273776e-03 -2.273874e-03  5.662808e+02  2.265110e+02  3.687693e+02
       8064       8064       8064 4.94140625000000e-01 4.94140625000000e-01 4.94140625000000e-01  2.299372e-03 -1.713783e-03 -1.713732e-03 -1.713802e-03  5.662663e+02  2.265058e+02  3.713633e+02
       8128       8128       8128 4.98046875000000e-01 4.98046875000000e-01 4.98046875000000e-01  2.298677e-03 -6.428832e-04 -6.428375e-04 -6.428577e-04  5.662148e+02  2.264858e+02  3.714031e+02
       8192       8192       8192 5.01953125000000e-01 5.01953125000000e-01 5.01953125000000e-01  2.298678e-03  6.428486e-04  6.428391e-04  6.429154e-04  5.662147e+02  2.264858e+02  3.714030e+02
       8256       8256       8256 5.05859375000000e-01 5.05859375000000e-01 5.05859375000000e-01  2.299370e-03  1.713824e-03  1.713922e-03  1.713960e-03  5.662664e+02  2.265058e+02  3.713635e+02
       8320       8320       8320 5.09765625000000e-01 5.09765625000000e-01 5.09765625000000e-01  2.331891e-03  2.273746e-03  2.273802e-03  2.273811e-03  5.662808e+02  2.265110e+02  3.687691e+02
       8384       8384       8384 5.13671875000000e-01 5.13671875000000e-01 5.13671875000000e-01  2.274720e-03  3.254283e-03  3.254273e-03  3.254262e-03  5.663116e+02  2.265219e+02  3.733835e+02
       8448       8448       8448 5.17578125000000e-01 5.17578125000000e-01 5.17578125000000e-01  2.245112e-03  4.386776e-03  4.386853e-03  4.386854e-03  5.663591e+02  2.265385e+02  3.758513e+02
       8512       8512       8512 5.21484375000000e-01 5.21484375000000e-01 5.21484375000000e-01  2.243930e-03  5.734417e-03  5.734278e-03  5.734418e-03  5.664493e+02  2.265710e+02  3.759772e+02
       8576       8576       8576 5.25390625000000e-01 5.25390625000000e-01 5.25390625000000e-01  2.246691e-03  7.892563e-03  7.892668e-03  7.892711e-03  5.665865e+02  2.266180e+02  3.757850e+02
       8640       8640       8640 5.29296875000000e-01 5.29296875000000e-01 5.29296875000000e-01  2.256446e-03  1.074664e-02  1.074656e-02  1.074667e-02  5.667950e+02  2.266873e+02  3.750293e+02
       8704       8704       8704 5.33203125000000e-01 5.33203125000000e-01 5.33203125000000e-01  2.280351e-03  1.181551e-02  1.181547e-02  1.181555e-02  5.670240e+02  2.267729e+02  3.731288e+02
       8768       8768       8768 5.37109375000000e-01 5.37109375000000e-01 5.37109375000000e-01  2.389465e-03  1.129855e-02  1.129852e-02  1.129848e-02  5.672338e+02  2.268615e+02  3.645810e+02
       8832       8832       8832 5.41015625000000e-01 5.41015625000000e-01 5.41015625000000e-01  2.996404e-03  1.485304e-02  1.485308e-02  1.485308e-02  5.675684e+02  2.269832e+02  3.256572e+02
       8896       8896       8896 5.44921875000000e-01 5.44921875000000e-01 5.44921875000000e-01  3.951920e-03  2.262314e-02  2.262316e-02  2.262318e-02  5.681138e+02  2.271678e+02  2.836830e+02
       8960       8960       8960 5.48828125000000e-01 5.48828125000000e-01 5.48828125000000e-01  5.047022e-03  3.766865e-02  3.766859e-02  3.766859e-02  5.692009e+02  2.275117e+02  2.512165e+02
       9024       9024       9024 5.52734375000000e-01 5.52734375000000e-01 5.52734375000000e-01  5.404405e-02  4.676126e-01  4.676121e-01  4.676119e-01  5.754973e+02  2.277713e+02  7.681387e+01
       9088       9088       9088 5.56640625000000e-01 5.56640625000000e-01 5.56640625000000e-01  1.614423e-01  1.337042e+00  1.337041e+00  1.337040e+00  5.977181e+02  2.324433e+02  4.489664e+01
       9152       9152       9152 5.60546875000000e-01 5.60546875000000e-01 5.60546875000000e-01  2.681733e-01  2.291247e+00  2.291248e+00  2.291246e+00  6.301036e+02  2.402957e+02  3.541843e+01
       6144       6144       6144 3.76953125000000e-01 3.76953125000000e-01 3.76953125000000e-01  1.000000e+00  0.000000e+00  0.000000e+00  0.000000e+00  2.499999e-05  9.999995e-06  3.741656e-03
       6208       6208       6208 3.80859375000000e-01 3.80859375000000e-01 3.80859375000000e-01  1.000000e+00  0.000000e+00  0.000000e+00  0.000000e+00  2.499999e-05  9.999995e-06  3.741656e-03
       6272       6272       6272 3.84765625000000e-01 3.84765625000000e-01 3.84765625000000e-01  1.000000e+00  0.000000e+00  0.000000e+00  0.000000e+00  2.499999e-05  9.999995e-06  3.741656e-03
       6336       6336       6336 3.88671875000000e-01 3.88671875000000e-01 3.88671875000000e-01  1.000000e+00  0.000000e+00  0.000000e+00  0.000000e+00  2.499999e-05  9.999995e-06  3.741656e-03
       6400       6400       6400 3.92578125000000e-01 3.92578125000000e-01 3.92578125000000e-01  1.000000e+00  0.000000e+00  0.000000e+00  0.000000e+00  2.499999e-05  9.999995e-06  3.741656e-03
       6464       6464       6464 3.96484375000000e-01 3.96484375000000e-01 3.96484375000000e-01  1.000000e+00  0.000000e+00  0.000000e+00  0.000000e+00  2.499999e-05  9.999995e-06  3.741656e-03
       6528       6528       6528 4.00390625000000e-01 4.00390625000000e-01 4.00390625000000e-01  1.000000e+00  0.000000e+00  0.000000e+00  0.000000e+00  2.499999e-05  9.999995e-06  3.741656e-03
       6592       6592       6592 4.04296875000000e-01 4.04296875000000e-01 4.04296875000000e-01  1.000000e+00  0.000000e+00  0.000000e+00  0.000000e+00  2.499999e-05  9.999995e-06  3.741656e-03
       6656       6656       6656 4.08203125000000e-01 4.08203125000000e-01 4.08203125000000e-01  1.000000e+00  0.000000e+00  0.000000e+00  0.000000e+00  2.499999e-05  9.999995e-06  3.741656e-03
       6720       6720       6720 4.12109375000000e-01 4.12109375000000e-01 4.12109375000000e-01  1.000000e+00 -1.001713e-34 -1.001713e-34 -1.001713e-34  2.499999e-05  9.999995e-06  3.741656e-03
       6784       6784       6784 4.16015625000000e-01 4.16015625000000e-01 4.16015625000000e-01  1.001026e+00 -1.963135e-05 -1.963133e-05 -1.963134e-05  3.422378e-05  1.368928e-05  4.375541e-03
       6848       6848       6848 4.19921875000000e-01 4.19921875000000e-01 4.19921875000000e-01  3.332621e+00 -3.205043e+01 -3.205042e+01 -3.205043e+01  1.269848e+03  3.229982e+02  1.164853e+01
       6912       6912       6912 4.23828125000000e-01 4.23828125000000e-01 4.23828125000000e-01  2.564316e+00 -3.068599e+01 -3.068599e+01 -3.068598e+01  1.584405e+03  4.134392e+02  1.502395e+01
       6976       6976       6976 4.27734375000000e-01 4.27734375000000e-01 4.27734375000000e-01  1.188219e+00 -1.299393e+01 -1.299393e+01 -1.299393e+01  1.019388e+03  3.224969e+02  1.949300e+01
       7040       7040       7040 4.31640625000000e-01 4.31640625000000e-01 4.31640625000000e-01  6.785506e-01 -6.788379e+00 -6.788384e+00 -6.788386e+00  7.986537e+02  2.787140e+02  2.398017e+01
       7104       7104       7104 4.35546875000000e-01 4.35546875000000e-01 4.35546875000000e-01  4.203486e-01 -3.864874e+00 -3.864878e+00 -3.864880e+00  6.886136e+02  2.541242e+02  2.909258e+01
       9216       9216       9216 5.64453125000000e-01 5.64453125000000e-01 5.64453125000000e-01  4.203484e-01  3.864875e+00  3.864876e+00  3.864876e+00  6.886135e+02  2.541241e+02  2.909258e+01
       9280       9280       9280 5.68359375000000e-01 5.68359375000000e-01 5.68359375000000e-01  6.785502e-01  6.788375e+00  6.788383e+00  6.788379e+00  7.986531e+02  2.787137e+02  2.398017e+01
       9344       9344       9344 5.72265625000000e-01 5.72265625000000e-01 5.72265625000000e-01  1.188218e+00  1.299392e+01  1.299393e+01  1.299392e+01  1.019388e+03  3.224971e+02  1.949301e+01
       9408       9408       9408 5.76171875000000e-01 5.76171875000000e-01 5.76171875000000e-01  2.564315e+00  3.068596e+01  3.068597e+01  3.068598e+01  1.584405e+03  4.134392e+02  1.502395e+01
       9472       9472       9472 5.80078125000000e-01 5.80078125000000e-01 5.80078125000000e-01  3.332622e+00  3.205045e+01  3.205046e+01  3.205045e+01  1.269849e+03  3.229983e+02  1.164853e+01
       9536       9536       9536 5.83984375000000e-01 5.83984375000000e-01 5.83984375000000e-01  1.001026e+00  1.963138e-05  1.963139e-05  1.963138e-05  3.422381e-05  1.368929e-05  4.375543e-03
       9600       9600       9600 5.87890625000000e-01 5.87890625000000e-01 5.87890625000000e-01  1.000000e+00  1.001713e-34  1.001713e-34  1.001713e-34  2.499999e-05  9.999995e-06  3.741656e-03
       9664       9664       9664 5.91796875000000e-01 5.91796875000000e-01 5.91796875000000e-01  1.000000e+00  0.000000e+00  0.000000e+00  0.000000e+00  2.499999e-05  9.999995e-06  3.741656e-03
       9728       9728       9728 5.95703125000000e-01 5.95703125000000e-01 5.95703125000000e-01  1.000000e+00  0.000000e+00  0.000000e+00  0.000000e+00  2.499999e-05  9.999995e-06  3.741656e-03
       9792       9792       9792 5.99609375000000e-01 5.99609375000000e-01 5.99609375000000e-01  1.000000e+00  0.000000e+00  0.000000e+00  0.000000e+00  2.499999e-05  9.999995e-06  3.741656e-03
       9856       9856       9856 6.03515625000000e-01 6.03515625000000e-01 6.03515625000000e-01  1.000000e+00  0.000000e+00  0.000000e+00  0.000000e+00  2.499999e-05  9.999995e-06  3.741656e-03
       9920       9920       9920 6.07421875000000e-01 6.07421875000000e-01 6.07421875000000e-01  1.000000e+00  0.000000e+00  0.000000e+00  0.000000e+00  2.499999e-05  9.999995e-06  3.741656e-03
       9984       9984       9984 6.11328125000000e-01 6.11328125000000e-01 6.11328125000000e-01  1.000000e+00  0.000000e+00  0.000000e+00  0.000000e+00  2.499999e-05  9.999995e-06  3.741656e-03
      10048      10048      10048 6.15234375000000e-01 6.15234375000000e-01 6.15234375000000e-01  1.000000e+00  0.000000e+00  0.000000e+00  0.000000e+00  2.499999e-05  9.999995e-06  3.741656e-03
      10112      10112      10112 6.19140625000000e-01 6.19140625000000e-01 6.19140625000000e-01  1.000000e+00  0.000000e+00  0.000000e+00  0.000000e+00  2.499999e-05  9.999995e-06  3.741656e-03
      10176      10176      10176 6.23046875000000e-01 6.23046875000000e-01 6.23046875000000e-01  1.000000e+00  0.000000e+00  0.000000e+00  0.000000e+00  2.499999e-05  9.999995e-06  3.741656e-03
