#         i          j          k                    x                    y                    z          Dens          MomX          MomY          MomZ          Engy      Pressure   Sound speed
          0          0          0 7.81250000000000e-03 7.81250000000000e-03 7.81250000000000e-03  1.000000e+00  0.000000e+00  0.000000e+00  0.000000e+00  2.499999e-05  9.999995e-06  3.741656e-03
        256        256        256 2.34375000000000e-02 2.34375000000000e-02 2.34375000000000e-02  1.000000e+00  0.000000e+00  0.000000e+00  0.000000e+00  2.499999e-05  9.999995e-06  3.741656e-03
        512        512        512 3.90625000000000e-02 3.90625000000000e-02 3.90625000000000e-02  1.000000e+00  0.000000e+00  0.000000e+00  0.000000e+00  2.499999e-05  9.999995e-06  3.741656e-03
        768        768        768 5.46875000000000e-02 5.46875000000000e-02 5.46875000000000e-02  1.000000e+00  0.000000e+00  0.000000e+00  0.000000e+00  2.499999e-05  9.999995e-06  3.741656e-03
       1024       1024       1024 7.03125000000000e-02 7.03125000000000e-02 7.03125000000000e-02  1.000000e+00  0.000000e+00  0.000000e+00  0.000000e+00  2.499999e-05  9.999995e-06  3.741656e-03
       1280       1280       1280 8.59375000000000e-02 8.59375000000000e-02 8.59375000000000e-02  1.000000e+00  0.000000e+00  0.000000e+00  0.000000e+00  2.499999e-05  9.999995e-06  3.741656e-03
       1536       1536       1536 1.01562500000000e-01 1.01562500000000e-01 1.01562500000000e-01  1.000000e+00  0.000000e+00  0.000000e+00  0.000000e+00  2.499999e-05  9.999995e-06  3.741656e-03
       1792       1792       1792 1.17187500000000e-01 1.17187500000000e-01 1.17187500000000e-01  1.000000e+00  0.000000e+00  0.000000e+00  0.000000e+00  2.499999e-05  9.999995e-06  3.741656e-03
       2048       2048       2048 1.32812500000000e-01 1.32812500000000e-01 1.32812500000000e-01  1.000000e+00  0.000000e+00  0.000000e+00  0.000000e+00  2.499999e-05  9.999995e-06  3.741656e-03
       2304       2304       2304 1.48437500000000e-01 1.48437500000000e-01 1.48437500000000e-01  1.000000e+00  0.000000e+00  0.000000e+00  0.000000e+00  2.499999e-05  9.999995e-06  3.741656e-03
       2560       2560       2560 1.64062500000000e-01 1.64062500000000e-01 1.64062500000000e-01  1.000000e+00  0.000000e+00  0.000000e+00  0.000000e+00  2.499999e-05  9.999995e-06  3.741656e-03
       2816       2816       2816 1.79687500000000e-01 1.79687500000000e-01 1.79687500000000e-01  1.000000e+00  0.000000e+00  0.000000e+00  0.000000e+00  2.499999e-05  9.999995e-06  3.741656e-03
       3072       3072       3072 1.95312500000000e-01 1.95312500000000e-01 1.95312500000000e-01  1.000000e+00  0.000000e+00  0.000000e+00  0.000000e+00  2.499999e-05  9.999995e-06  3.741656e-03
       3328       3328       3328 2.10937500000000e-01 2.10937500000000e-01 2.10937500000000e-01  1.000000e+00  0.000000e+00  0.000000e+00  0.000000e+00  2.499999e-05  9.999995e-06  3.741656e-03
       3584       3584       3584 2.26562500000000e-01 2.26562500000000e-01 2.26562500000000e-01  1.000000e+00  0.000000e+00  0.000000e+00  0.000000e+00  2.499999e-05  9.999995e-06  3.741656e-03
       3840       3840       3840 2.42187500000000e-01 2.42187500000000e-01 2.42187500000000e-01  1.000000e+00  0.000000e+00  0.000000e+00  0.000000e+00  2.499999e-05  9.999995e-06  3.741656e-03
      12288      12288      12288 7.57812500000000e-01 7.57812500000000e-01 7.57812500000000e-01  1.000000e+00  0.000000e+00  0.000000e+00  0.000000e+00  2.499999e-05  9.999995e-06  3.741656e-03
      12544      12544      12544 7.73437500000000e-01 7.73437500000000e-01 7.73437500000000e-01  1.000000e+00  0.000000e+00  0.000000e+00  0.000000e+00  2.499999e-05  9.999995e-06  3.741656e-03
      12800      12800      12800 7.89062500000000e-01 7.89062500000000e-01 7.89062500000000e-01  1.000000e+00  0.000000e+00  0.000000e+00  0.000000e+00  2.499999e-05  9.999995e-06  3.741656e-03
      13056      13056      13056 8.04687500000000e-01 8.04687500000000e-01 8.04687500000000e-01  1.000000e+00  0.000000e+00  0.000000e+00  0.000000e+00  2.499999e-05  9.999995e-06  3.741656e-03
      13312      13312      13312 8.20312500000000e-01 8.20312500000000e-01 8.20312500000000e-01  1.000000e+00  0.000000e+00  0.000000e+00  0.000000e+00  2.499999e-05  9.999995e-06  3.741656e-03
      13568      13568      13568 8.35937500000000e-01 8.35937500000000e-01 8.35937500000000e-01  1.000000e+00  0.000000e+00  0.000000e+00  0.000000e+00  2.499999e-05  9.999995e-06  3.741656e-03
      13824      13824      13824 8.51562500000000e-01 8.51562500000000e-01 8.51562500000000e-01  1.000000e+00  0.000000e+00  0.000000e+00  0.000000e+00  2.499999e-05  9.999995e-06  3.741656e-03
      14080      14080      14080 8.67187500000000e-01 8.67187500000000e-01 8.67187500000000e-01  1.000000e+00  0.000000e+00  0.000000e+00  0.000000e+00  2.499999e-05  9.999995e-06  3.741656e-03
      14336      14336      14336 8.82812500000000e-01 8.82812500000000e-01 8.82812500000000e-01  1.000000e+00  0.000000e+00  0.000000e+00  0.000000e+00  2.499999e-05  9.999995e-06  3.741656e-03
      14592      14592      14592 8.98437500000000e-01 8.98437500000000e-01 8.98437500000000e-01  1.000000e+00  0.000000e+00  0.000000e+00  0.000000e+00  2.499999e-05  9.999995e-06  3.741656e-03
      14848      14848      14848 9.14062500000000e-01 9.14062500000000e-01 9.14062500000000e-01  1.000000e+00  0.000000e+00  0.000000e+00  0.000000e+00  2.499999e-05  9.999995e-06  3.741656e-03
      15104      15104      15104 9.29687500000000e-01 9.29687500000000e-01 9.29687500000000e-01  1.000000e+00  0.000000e+00  0.000000e+00  0.000000e+00  2.499999e-05  9.999995e-06  3.741656e-03
      15360      15360      15360 9.45312500000000e-01 9.45312500000000e-01 9.45312500000000e-01  1.000000e+00  0.000000e+00  0.000000e+00  0.000000e+00  2.499999e-05  9.999995e-06  3.741656e-03
      15616      15616      15616 9.60937500000000e-01 9.60937500000000e-01 9.60937500000000e-01  1.000000e+00  0.000000e+00  0.000000e+00  0.000000e+00  2.499999e-05  9.999995e-06  3.741656e-03
      15872      15872      15872 9.76562500000000e-01 9.76562500000000e-01 9.76562500000000e-01  1.000000e+00  0.000000e+00  0.000000e+00  0.000000e+00  2.499999e-05  9.999995e-06  3.741656e-03
      16128      16128      16128 9.92187500000000e-01 9.92187500000000e-01 9.92187500000000e-01  1.000000e+00  0.000000e+00  0.000000e+00  0.000000e+00  2.499999e-05  9.999995e-06  3.741656e-03
       4096       4096       4096 2.53906250000000e-01 2.53906250000000e-01 2.53906250000000e-01  1.000000e+00  0.000000e+00  0.000000e+00  0.000000e+00  2.499999e-05  9.999995e-06  3.741656e-03
       4224       4224       4224 2.61718750000000e-01 2.61718750000000e-01 2.61718750000000e-01  1.000000e+00  0.000000e+00  0.000000e+00  0.000000e+00  2.499999e-05  9.999995e-06  3.741656e-03
       4352       4352       4352 2.69531250000000e-01 2.69531250000000e-01 2.69531250000000e-01  1.000000e+00  0.000000e+00  0.000000e+00  0.000000e+00  2.499999e-05  9.999995e-06  3.741656e-03
       4480       4480       4480 2.77343750000000e-01 2.77343750000000e-01 2.77343750000000e-01  1.000000e+00  0.000000e+00  0.000000e+00  0.000000e+00  2.499999e-05  9.999995e-06  3.741656e-03
       4608       4608       4608 2.85156250000000e-01 2.85156250000000e-01 2.85156250000000e-01  1.000000e+00  0.000000e+00  0.000000e+00  0.000000e+00  2.499999e-05  9.999995e-06  3.741656e-03
       4736       4736       4736 2.92968750000000e-01 2.92968750000000e-01 2.92968750000000e-01  1.000000e+00  0.000000e+00  0.000000e+00  0.000000e+00  2.499999e-05  9.999995e-06  3.741656e-03
       4864       4864       4864 3.00781250000000e-01 3.00781250000000e-01 3.00781250000000e-01  1.000000e+00  0.000000e+00  0.000000e+00  0.000000e+00  2.499999e-05  9.999995e-06  3.741656e-03
       4992       4992       4992 3.08593750000000e-01 3.08593750000000e-01 3.08593750000000e-01  1.000000e+00  0.000000e+00  0.000000e+00  0.000000e+00  2.499999e-05  9.999995e-06  3.741656e-03
       5120       5120       5120 3.16406250000000e-01 3.16406250000000e-01 3.16406250000000e-01  1.000000e+00  0.000000e+00  0.000000e+00  0.000000e+00  2.499999e-05  9.999995e-06  3.741656e-03
       5248       5248       5248 3.24218750000000e-01 3.24218750000000e-01 3.24218750000000e-01  1.000000e+00  0.000000e+00  0.000000e+00  0.000000e+00  2.499999e-05  9.999995e-06  3.741656e-03
       5376       5376       5376 3.32031250000000e-01 3.32031250000000e-01 3.32031250000000e-01  1.000000e+00  0.000000e+00  0.000000e+00  0.000000e+00  2.499999e-05  9.999995e-06  3.741656e-03
       5504       5504       5504 3.39843750000000e-01 3.39843750000000e-01 3.39843750000000e-01  1.000000e+00  0.000000e+00  0.000000e+00  0.000000e+00  2.499999e-05  9.999995e-06  3.741656e-03
       5632       5632       5632 3.47656250000000e-01 3.47656250000000e-01 3.47656250000000e-01  1.000000e+00  0.000000e+00  0.000000e+00  0.000000e+00  2.499999e-05  9.999995e-06  3.741656e-03
       5760       5760       5760 3.55468750000000e-01 3.55468750000000e-01 3.55468750000000e-01  1.000000e+00  0.000000e+00  0.000000e+00  0.000000e+00  2.499999e-05  9.999995e-06  3.741656e-03
       5888       5888       5888 3.63281250000000e-01 3.63281250000000e-01 3.63281250000000e-01  1.000000e+00 -2.220446e-16 -2.220446e-16 -2.220446e-16  2.499999e-05  9.999995e-06  3.741656e-03
       6016       6016       6016 3.71093750000000e-01 3.71093750000000e-01 3.71093750000000e-01  1.000000e+00  1.137979e-15  1.137979e-15  1.137979e-15  2.499999e-05  9.999995e-06  3.741656e-03
      10240      10240      10240 6.28906250000000e-01 6.28906250000000e-01 6.28906250000000e-01  1.000000e+00 -1.137979e-15 -1.137979e-15 -1.137979e-15  2.499999e-05  9.999995e-06  3.741656e-03
      10368      10368      10368 6.36718750000000e-01 6.36718750000000e-01 6.36718750000000e-01  1.000000e+00  2.220446e-16  2.220446e-16  2.220446e-16  2.499999e-05  9.999995e-06  3.741656e-03
      10496      10496      10496 6.44531250000000e-01 6.44531250000000e-01 6.44531250000000e-01  1.000000e+00  0.000000e+00  0.000000e+00  0.000000e+00  2.499999e-05  9.999995e-06  3.741656e-03
      10624      10624      10624 6.52343750000000e-01 6.52343750000000e-01 6.52343750000000e-01  1.000000e+00  0.000000e+00  0.000000e+00  0.000000e+00  2.499999e-05  9.999995e-06  3.741656e-03
      10752      10752      10752 6.60156250000000e-01 6.60156250000000e-01 6.60156250000000e-01  1.000000e+00  0.000000e+00  0.000000e+00  0.000000e+00  2.499999e-05  9.999995e-06  3.741656e-03
      10880      10880      10880 6.67968750000000e-01 6.67968750000000e-01 6.67968750000000e-01  1.000000e+00  0.000000e+00  0.000000e+00  0.000000e+00  2.499999e-05  9.999995e-06  3.741656e-03
      11008      11008      11008 6.75781250000000e-01 6.75781250000000e-01 6.75781250000000e-01  1.000000e+00  0.000000e+00  0.000000e+00  0.000000e+00  2.499999e-05  9.999995e-06  3.741656e-03
      11136      11136      11136 6.83593750000000e-01 6.83593750000000e-01 6.83593750000000e-01  1.000000e+00  0.000000e+00  0.000000e+00  0.000000e+00  2.499999e-05  9.999995e-06  3.741656e-03
      11264      11264      11264 6.91406250000000e-01 6.91406250000000e-01 6.91406250000000e-01  1.000000e+00  0.000000e+00  0.000000e+00  0.000000e+00  2.499999e-05  9.999995e-06  3.741656e-03
      11392      11392      11392 6.99218750000000e-01 6.99218750000000e-01 6.99218750000000e-01  1.000000e+00  0.000000e+00  0.000000e+00  0.000000e+00  2.499999e-05  9.999995e-06  3.741656e-03
      11520      11520      11520 7.07031250000000e-01 7.07031250000000e-01 7.07031250000000e-01  1.000000e+00  0.000000e+00  0.000000e+00  0.000000e+00  2.499999e-05  9.999995e-06  3.741656e-03
      11648      11648      11648 7.14843750000000e-01 7.14843750000000e-01 7.14843750000000e-01  1.000000e+00  0.000000e+00  0.000000e+00  0.000000e+00  2.499999e-05  9.999995e-06  3.741656e-03
      11776      11776      11776 7.22656250000000e-01 7.22656250000000e-01 7.22656250000000e-01  1.000000e+00  0.000000e+00  0.000000e+00  0.000000e+00  2.499999e-05  9.999995e-06  3.741656e-03
      11904      11904      11904 7.30468750000000e-01 7.30468750000000e-01 7.30468750000000e-01  1.000000e+00  0.000000e+00  0.000000e+00  0.000000e+00  2.499999e-05  9.999995e-06  3.741656e-03
      12032      12032      12032 7.38281250000000e-01 7.38281250000000e-01 7.38281250000000e-01  1.000000e+00  0.000000e+00  0.000000e+00  0.000000e+00  2.499999e-05  9.999995e-06  3.741656e-03
      12160      12160      12160 7.46093750000000e-01 7.46093750000000e-01 7.46093750000000e-01  1.000000e+00  0.000000e+00  0.000000e+00  0.000000e+00  2.499999e-05  9.999995e-06  3.741656e-03
       7168       7168       7168 4.39453125000000e-01 4.39453125000000e-01 4.39453125000000e-01  6.546710e-01 -7.727922e+00 -7.727920e+00 -7.727925e+00  1.108011e+03  3.884709e+02  2.882250e+01
       7232       7232       7232 4.43359375000000e-01 4.43359375000000e-01 4.43359375000000e-01  3.869819e-01 -4.165324e+00 -4.165321e+00 -4.165322e+00  9.461730e+02  3.515689e+02  3.566349e+01
       7296       7296       7296 4.47265625000000e-01 4.47265625000000e-01 4.47265625000000e-01  2.298864e-01 -2.329987e+00 -2.329983e+00 -2.329985e+00  8.687354e+02  3.333250e+02  4.505483e+01
       7360       7360       7360 4.51171875000000e-01 4.51171875000000e-01 4.51171875000000e-01  9.963280e-02 -1.051456e+00 -1.051457e+00 -1.051459e+00  8.251353e+02  3.233963e+02  6.741094e+01
       7424       7424       7424 4.55078125000000e-01 4.55078125000000e-01 4.55078125000000e-01  7.737404e-03 -7.837445e-02 -7.837436e-02 -7.837421e-02  8.031890e+02  3.207993e+02  2.409257e+02
       7488       7488       7488 4.58984375000000e-01 4.58984375000000e-01 4.58984375000000e-01  4.938931e-03 -4.023856e-02 -4.023842e-02 -4.023837e-02  8.007274e+02  3.200942e+02  3.012218e+02
       7552       7552       7552 4.62890625000000e-01 4.62890625000000e-01 4.62890625000000e-01  3.516021e-03 -2.531736e-02 -2.531748e-02 -2.531741e-02  7.997083e+02  3.197739e+02  3.568287e+02
       7616       7616       7616 4.66796875000000e-01 4.66796875000000e-01 4.66796875000000e-01  2.999035e-03 -2.111520e-02 -2.111521e-02 -2.111524e-02  7.991198e+02  3.195587e+02  3.862323e+02
       7680       7680       7680 4.70703125000000e-01 4.70703125000000e-01 4.70703125000000e-01  2.900082e-03 -2.033431e-02 -2.033435e-02 -2.033430e-02  7.988383e+02  3.194498e+02  3.926993e+02
       7744       7744       7744 4.74609375000000e-01 4.74609375000000e-01 4.74609375000000e-01  2.874676e-03 -1.684078e-02 -1.684069e-02 -1.684077e-02  7.984287e+02  3.193123e+02  3.943459e+02
       7808       7808       7808 4.78515625000000e-01 4.78515625000000e-01 4.78515625000000e-01  2.866177e-03 -1.115177e-02 -1.115183e-02 -1.115171e-02  7.980732e+02  3.192033e+02  3.948627e+02
       7872       7872       7872 4.82421875000000e-01 4.82421875000000e-01 4.82421875000000e-01  2.865218e-03 -7.899906e-03 -7.899854e-03 -7.899854e-03  7.978363e+02  3.191215e+02  3.948782e+02
       7936       7936       7936 4.86328125000000e-01 4.86328125000000e-01 4.86328125000000e-01  2.886840e-03 -5.777607e-03 -5.777465e-03 -5.777435e-03  7.977109e+02  3.190774e+02  3.933695e+02
       8000       8000       8000 4.90234375000000e-01 4.90234375000000e-01 4.90234375000000e-01  2.978536e-03 -3.801251e-03 -3.801255e-03 -3.801391e-03  7.976271e+02  3.190479e+02  3.872492e+02
       8064       8064       8064 4.94140625000000e-01 4.94140625000000e-01 4.94140625000000e-01  2.938158e-03 -2.894413e-03 -2.894351e-03 -2.894486e-03  7.975942e+02  3.190360e+02  3.898938e+02
       8128       8128       8128 4.98046875000000e-01 4.98046875000000e-01 4.98046875000000e-01  2.935912e-03 -1.074211e-03 -1.074172e-03 -1.074139e-03  7.975380e+02  3.190150e+02  3.900301e+02
       8192       8192       8192 5.01953125000000e-01 5.01953125000000e-01 5.01953125000000e-01  2.935910e-03  1.074105e-03  1.074013e-03  1.074204e-03  7.975381e+02  3.190150e+02  3.900302e+02
       8256       8256       8256 5.05859375000000e-01 5.05859375000000e-01 5.05859375000000e-01  2.938156e-03  2.894495e-03  2.894355e-03  2.894650e-03  7.975944e+02  3.190361e+02  3.898939e+02
       8320       8320       8320 5.09765625000000e-01 5.09765625000000e-01 5.09765625000000e-01  2.978537e-03  3.801052e-03  3.800984e-03  3.801187e-03  7.976272e+02  3.190480e+02  3.872491e+02
       8384       8384       8384 5.13671875000000e-01 5.13671875000000e-01 5.13671875000000e-01  2.886838e-03  5.777460e-03  5.777352e-03  5.777544e-03  7.977109e+02  3.190774e+02  3.933696e+02
       8448       8448       8448 5.17578125000000e-01 5.17578125000000e-01 5.17578125000000e-01  2.865214e-03  7.899882e-03  7.899846e-03  7.899716e-03  7.978362e+02  3.191214e+02  3.948785e+02
       8512       8512       8512 5.21484375000000e-01 5.21484375000000e-01 5.21484375000000e-01  2.866175e-03  1.115183e-02  1.115179e-02  1.115183e-02  7.980734e+02  3.192033e+02  3.948629e+02
       8576       8576       8576 5.25390625000000e-01 5.25390625000000e-01 5.25390625000000e-01  2.874675e-03  1.684076e-02  1.684076e-02  1.684086e-02  7.984288e+02  3.193123e+02  3.943461e+02
       8640       8640       8640 5.29296875000000e-01 5.29296875000000e-01 5.29296875000000e-01  2.900081e-03  2.033433e-02  2.033440e-02  2.033437e-02  7.988385e+02  3.194499e+02  3.926995e+02
       8704       8704       8704 5.33203125000000e-01 5.33203125000000e-01 5.33203125000000e-01  2.999035e-03  2.111521e-02  2.111530e-02  2.111522e-02  7.991199e+02  3.195587e+02  3.862323e+02
       8768       8768       8768 5.37109375000000e-01 5.37109375000000e-01 5.37109375000000e-01  3.516021e-03  2.531740e-02  2.531753e-02  2.531737e-02  7.997084e+02  3.197740e+02  3.568287e+02
       8832       8832       8832 5.41015625000000e-01 5.41015625000000e-01 5.41015625000000e-01  4.938928e-03  4.023851e-02  4.023832e-02  4.023842e-02  8.007274e+02  3.200942e+02  3.012219e+02
       8896       8896       8896 5.44921875000000e-01 5.44921875000000e-01 5.44921875000000e-01  7.737394e-03  7.837427e-02  7.837434e-02  7.837409e-02  8.031891e+02  3.207993e+02  2.409258e+02
       8960       8960       8960 5.48828125000000e-01 5.48828125000000e-01 5.48828125000000e-01  9.963275e-02  1.051457e+00  1.051455e+00  1.051456e+00  8.251351e+02  3.233962e+02  6.741094e+01
       9024       9024       9024 5.52734375000000e-01 5.52734375000000e-01 5.52734375000000e-01  2.298862e-01  2.329983e+00  2.329984e+00  2.329982e+00  8.687354e+02  3.333250e+02  4.505484e+01
       9088       9088       9088 5.56640625000000e-01 5.56640625000000e-01 5.56640625000000e-01  3.869816e-01  4.165317e+00  4.165318e+00  4.165321e+00  9.461732e+02  3.515690e+02  3.566351e+01
       9152       9152       9152 5.60546875000000e-01 5.60546875000000e-01 5.60546875000000e-01  6.546716e-01  7.727930e+00  7.727933e+00  7.727932e+00  1.108011e+03  3.884708e+02  2.882249e+01
       6144       6144       6144 3.76953125000000e-01 3.76953125000000e-01 3.76953125000000e-01  1.000000e+00  0.000000e+00  0.000000e+00  0.000000e+00  2.499999e-05  9.999995e-06  3.741656e-03
       6208       6208       6208 3.80859375000000e-01 3.80859375000000e-01 3.80859375000000e-01  1.000000e+00  0.000000e+00  0.000000e+00  0.000000e+00  2.499999e-05  9.999995e-06  3.741656e-03
       6272       6272       6272 3.84765625000000e-01 3.84765625000000e-01 3.84765625000000e-01  1.000000e+00  0.000000e+00  0.000000e+00  0.000000e+00  2.499999e-05  9.999995e-06  3.741656e-03
       6336       6336       6336 3.88671875000000e-01 3.88671875000000e-01 3.88671875000000e-01  1.000000e+00  0.000000e+00  0.000000e+00  0.000000e+00  2.499999e-05  9.999995e-06  3.741656e-03
       6400       6400       6400 3.92578125000000e-01 3.92578125000000e-01 3.92578125000000e-01  1.000000e+00  0.000000e+00  0.000000e+00  0.000000e+00  2.499999e-05  9.999995e-06  3.741656e-03
       6464       6464       6464 3.96484375000000e-01 3.96484375000000e-01 3.96484375000000e-01  1.000000e+00  0.000000e+00  0.000000e+00  0.000000e+00  2.499999e-05  9.999995e-06  3.741656e-03
       6528       6528       6528 4.00390625000000e-01 4.00390625000000e-01 4.00390625000000e-01  1.000000e+00  0.000000e+00  0.000000e+00  0.000000e+00  2.499999e-05  9.999995e-06  3.741656e-03
       6592       6592       6592 4.04296875000000e-01 4.04296875000000e-01 4.04296875000000e-01  1.000000e+00  0.000000e+00  0.000000e+00  0.000000e+00  2.499999e-05  9.999995e-06  3.741656e-03
       6656       6656       6656 4.08203125000000e-01 4.08203125000000e-01 4.08203125000000e-01  1.000000e+00  0.000000e+00  0.000000e+00  0.000000e+00  2.499999e-05  9.999995e-06  3.741656e-03
       6720       6720       6720 4.12109375000000e-01 4.12109375000000e-01 4.12109375000000e-01  1.000000e+00  0.000000e+00  0.000000e+00  0.000000e+00  2.499999e-05  9.999995e-06  3.741656e-03
       6784       6784       6784 4.16015625000000e-01 4.16015625000000e-01 4.16015625000000e-01  1.000000e+00  0.000000e+00  0.000000e+00  0.000000e+00  2.499999e-05  9.999995e-06  3.741656e-03
       6848       6848       6848 4.19921875000000e-01 4.19921875000000e-01 4.19921875000000e-01  1.000000e+00  0.000000e+00  0.000000e+00  0.000000e+00  2.499999e-05  9.999995e-06  3.741656e-03
       6912       6912       6912 4.23828125000000e-01 4.23828125000000e-01 4.23828125000000e-01  1.000018e+00 -2.918605e-08 -2.918604e-08 -2.918604e-08  2.500108e-05  1.000043e-05  3.741705e-03
       6976       6976       6976 4.27734375000000e-01 4.27734375000000e-01 4.27734375000000e-01  1.690297e+00 -6.478817e+00 -6.478817e+00 -6.478818e+00  2.271473e+02  7.595915e+01  7.931815e+00
       7040       7040       7040 4.31640625000000e-01 4.31640625000000e-01 4.31640625000000e-01  3.139295e+00 -4.825566e+01 -4.825567e+01 -4.825566e+01  2.840750e+03  6.912428e+02  1.755752e+01
       7104       7104       7104 4.35546875000000e-01 4.35546875000000e-01 4.35546875000000e-01  1.202076e+00 -1.582803e+01 -1.582804e+01 -1.582804e+01  1.465505e+03  4.611550e+02  2.317509e+01
       9216       9216       9216 5.64453125000000e-01 5.64453125000000e-01 5.64453125000000e-01  1.202076e+00  1.582804e+01  1.582803e+01  1.582803e+01  1.465505e+03  4.611550e+02  2.317509e+01
       9280       9280       9280 5.68359375000000e-01 5.68359375000000e-01 5.68359375000000e-01  3.139297e+00  4.825571e+01  4.825571e+01  4.825571e+01  2.840752e+03  6.912432e+02  1.755752e+01
       9344       9344       9344 5.72265625000000e-01 5.72265625000000e-01 5.72265625000000e-01  1.690297e+00  6.478817e+00  6.478823e+00  6.478820e+00  2.271474e+02  7.595917e+01  7.931815e+00
       9408       9408       9408 5.76171875000000e-01 5.76171875000000e-01 5.76171875000000e-01  1.000018e+00  2.918599e-08  2.918602e-08  2.918601e-08  2.500108e-05  1.000043e-05  3.741705e-03
       9472       9472       9472 5.80078125000000e-01 5.80078125000000e-01 5.80078125000000e-01  1.000000e+00  0.000000e+00  0.000000e+00  0.000000e+00  2.499999e-05  9.999995e-06  3.741656e-03
       9536       9536       9536 5.83984375000000e-01 5.83984375000000e-01 5.83984375000000e-01  1.000000e+00  0.000000e+00  0.000000e+00  0.000000e+00  2.499999e-05  9.999995e-06  3.741656e-03
       9600       9600       9600 5.87890625000000e-01 5.87890625000000e-01 5.87890625000000e-01  1.000000e+00  0.000000e+00  0.000000e+00  0.000000e+00  2.499999e-05  9.999995e-06  3.741656e-03
       9664       9664       9664 5.91796875000000e-01 5.91796875000000e-01 5.91796875000000e-01  1.000000e+00  0.000000e+00  0.000000e+00  0.000000e+00  2.499999e-05  9.999995e-06  3.741656e-03
       9728       9728       9728 5.95703125000000e-01 5.95703125000000e-01 5.95703125000000e-01  1.000000e+00  0.000000e+00  0.000000e+00  0.000000e+00  2.499999e-05  9.999995e-06  3.741656e-03
       9792       9792       9792 5.99609375000000e-01 5.99609375000000e-01 5.99609375000000e-01  1.000000e+00  0.000000e+00  0.000000e+00  0.000000e+00  2.499999e-05  9.999995e-06  3.741656e-03
       9856       9856       9856 6.03515625000000e-01 6.03515625000000e-01 6.03515625000000e-01  1.000000e+00  0.000000e+00  0.000000e+00  0.000000e+00  2.499999e-05  9.999995e-06  3.741656e-03
       9920       9920       9920 6.07421875000000e-01 6.07421875000000e-01 6.07421875000000e-01  1.000000e+00  0.000000e+00  0.000000e+00  0.000000e+00  2.499999e-05  9.999995e-06  3.741656e-03
       9984       9984       9984 6.11328125000000e-01 6.11328125000000e-01 6.11328125000000e-01  1.000000e+00  0.000000e+00  0.000000e+00  0.000000e+00  2.499999e-05  9.999995e-06  3.741656e-03
      10048      10048      10048 6.15234375000000e-01 6.15234375000000e-01 6.15234375000000e-01  1.000000e+00  0.000000e+00  0.000000e+00  0.000000e+00  2.499999e-05  9.999995e-06  3.741656e-03
      10112      10112      10112 6.19140625000000e-01 6.19140625000000e-01 6.19140625000000e-01  1.000000e+00  0.000000e+00  0.000000e+00  0.000000e+00  2.499999e-05  9.999995e-06  3.741656e-03
      10176      10176      10176 6.23046875000000e-01 6.23046875000000e-01 6.23046875000000e-01  1.000000e+00  0.000000e+00  0.000000e+00  0.000000e+00  2.499999e-05  9.999995e-06  3.741656e-03
