#         i          j          k                    x                    y                    z          Dens          MomX          MomY          MomZ          Engy      Pressure   Sound speed
          0          0          0 7.81250000000000e-03 7.81250000000000e-03 7.81250000000000e-03  1.000000e+00  0.000000e+00  0.000000e+00  0.000000e+00  2.499999e-05  9.999995e-06  3.741656e-03
        256        256        256 2.34375000000000e-02 2.34375000000000e-02 2.34375000000000e-02  1.000000e+00  0.000000e+00  0.000000e+00  0.000000e+00  2.499999e-05  9.999995e-06  3.741656e-03
        512        512        512 3.90625000000000e-02 3.90625000000000e-02 3.90625000000000e-02  1.000000e+00  0.000000e+00  0.000000e+00  0.000000e+00  2.499999e-05  9.999995e-06  3.741656e-03
        768        768        768 5.46875000000000e-02 5.46875000000000e-02 5.46875000000000e-02  1.000000e+00  0.000000e+00  0.000000e+00  0.000000e+00  2.499999e-05  9.999995e-06  3.741656e-03
       1024       1024       1024 7.03125000000000e-02 7.03125000000000e-02 7.03125000000000e-02  1.000000e+00  0.000000e+00  0.000000e+00  0.000000e+00  2.499999e-05  9.999995e-06  3.741656e-03
       1280       1280       1280 8.59375000000000e-02 8.59375000000000e-02 8.59375000000000e-02  1.000000e+00  0.000000e+00  0.000000e+00  0.000000e+00  2.499999e-05  9.999995e-06  3.741656e-03
       1536       1536       1536 1.01562500000000e-01 1.01562500000000e-01 1.01562500000000e-01  1.000000e+00  0.000000e+00  0.000000e+00  0.000000e+00  2.499999e-05  9.999995e-06  3.741656e-03
       1792       1792       1792 1.17187500000000e-01 1.17187500000000e-01 1.17187500000000e-01  1.000000e+00  0.000000e+00  0.000000e+00  0.000000e+00  2.499999e-05  9.999995e-06  3.741656e-03
       2048       2048       2048 1.32812500000000e-01 1.32812500000000e-01 1.32812500000000e-01  1.000000e+00  0.000000e+00  0.000000e+00  0.000000e+00  2.499999e-05  9.999995e-06  3.741656e-03
       2304       2304       2304 1.48437500000000e-01 1.48437500000000e-01 1.48437500000000e-01  1.000000e+00  0.000000e+00  0.000000e+00  0.000000e+00  2.499999e-05  9.999995e-06  3.741656e-03
       2560       2560       2560 1.64062500000000e-01 1.64062500000000e-01 1.64062500000000e-01  1.000000e+00  0.000000e+00  0.000000e+00  0.000000e+00  2.499999e-05  9.999995e-06  3.741656e-03
       2816       2816       2816 1.79687500000000e-01 1.79687500000000e-01 1.79687500000000e-01  1.000000e+00  0.000000e+00  0.000000e+00  0.000000e+00  2.499999e-05  9.999995e-06  3.741656e-03
       3072       3072       3072 1.95312500000000e-01 1.95312500000000e-01 1.95312500000000e-01  1.000000e+00  0.000000e+00  0.000000e+00  0.000000e+00  2.499999e-05  9.999995e-06  3.741656e-03
       3328       3328       3328 2.10937500000000e-01 2.10937500000000e-01 2.10937500000000e-01  1.000000e+00  0.000000e+00  0.000000e+00  0.000000e+00  2.499999e-05  9.999995e-06  3.741656e-03
       3584       3584       3584 2.26562500000000e-01 2.26562500000000e-01 2.26562500000000e-01  1.000000e+00  0.000000e+00  0.000000e+00  0.000000e+00  2.499999e-05  9.999995e-06  3.741656e-03
       3840       3840       3840 2.42187500000000e-01 2.42187500000000e-01 2.42187500000000e-01  1.000000e+00  0.000000e+00  0.000000e+00  0.000000e+00  2.499999e-05  9.999995e-06  3.741656e-03
      12288      12288      12288 7.57812500000000e-01 7.57812500000000e-01 7.57812500000000e-01  1.000000e+00  0.000000e+00  0.000000e+00  0.000000e+00  2.499999e-05  9.999995e-06  3.741656e-03
      12544      12544      12544 7.73437500000000e-01 7.73437500000000e-01 7.73437500000000e-01  1.000000e+00  0.000000e+00  0.000000e+00  0.000000e+00  2.499999e-05  9.999995e-06  3.741656e-03
      12800      12800      12800 7.89062500000000e-01 7.89062500000000e-01 7.89062500000000e-01  1.000000e+00  0.000000e+00  0.000000e+00  0.000000e+00  2.499999e-05  9.999995e-06  3.741656e-03
      13056      13056      13056 8.04687500000000e-01 8.04687500000000e-01 8.04687500000000e-01  1.000000e+00  0.000000e+00  0.000000e+00  0.000000e+00  2.499999e-05  9.999995e-06  3.741656e-03
      13312      13312      13312 8.20312500000000e-01 8.20312500000000e-01 8.20312500000000e-01  1.000000e+00  0.000000e+00  0.000000e+00  0.000000e+00  2.499999e-05  9.999995e-06  3.741656e-03
      13568      13568      13568 8.35937500000000e-01 8.35937500000000e-01 8.35937500000000e-01  1.000000e+00  0.000000e+00  0.000000e+00  0.000000e+00  2.499999e-05  9.999995e-06  3.741656e-03
      13824      13824      13824 8.51562500000000e-01 8.51562500000000e-01 8.51562500000000e-01  1.000000e+00  0.000000e+00  0.000000e+00  0.000000e+00  2.499999e-05  9.999995e-06  3.741656e-03
      14080      14080      14080 8.67187500000000e-01 8.67187500000000e-01 8.67187500000000e-01  1.000000e+00  0.000000e+00  0.000000e+00  0.000000e+00  2.499999e-05  9.999995e-06  3.741656e-03
      14336      14336      14336 8.82812500000000e-01 8.82812500000000e-01 8.82812500000000e-01  1.000000e+00  0.000000e+00  0.000000e+00  0.000000e+00  2.499999e-05  9.999995e-06  3.741656e-03
      14592      14592      14592 8.98437500000000e-01 8.98437500000000e-01 8.98437500000000e-01  1.000000e+00  0.000000e+00  0.000000e+00  0.000000e+00  2.499999e-05  9.999995e-06  3.741656e-03
      14848      14848      14848 9.14062500000000e-01 9.14062500000000e-01 9.14062500000000e-01  1.000000e+00  0.000000e+00  0.000000e+00  0.000000e+00  2.499999e-05  9.999995e-06  3.741656e-03
      15104      15104      15104 9.29687500000000e-01 9.29687500000000e-01 9.29687500000000e-01  1.000000e+00  0.000000e+00  0.000000e+00  0.000000e+00  2.499999e-05  9.999995e-06  3.741656e-03
      15360      15360      15360 9.45312500000000e-01 9.45312500000000e-01 9.45312500000000e-01  1.000000e+00  0.000000e+00  0.000000e+00  0.000000e+00  2.499999e-05  9.999995e-06  3.741656e-03
      15616      15616      15616 9.60937500000000e-01 9.60937500000000e-01 9.60937500000000e-01  1.000000e+00  0.000000e+00  0.000000e+00  0.000000e+00  2.499999e-05  9.999995e-06  3.741656e-03
      15872      15872      15872 9.76562500000000e-01 9.76562500000000e-01 9.76562500000000e-01  1.000000e+00  0.000000e+00  0.000000e+00  0.000000e+00  2.499999e-05  9.999995e-06  3.741656e-03
      16128      16128      16128 9.92187500000000e-01 9.92187500000000e-01 9.92187500000000e-01  1.000000e+00  0.000000e+00  0.000000e+00  0.000000e+00  2.499999e-05  9.999995e-06  3.741656e-03
       4096       4096       4096 2.53906250000000e-01 2.53906250000000e-01 2.53906250000000e-01  1.000000e+00  0.000000e+00  0.000000e+00  0.000000e+00  2.499999e-05  9.999995e-06  3.741656e-03
       4224       4224       4224 2.61718750000000e-01 2.61718750000000e-01 2.61718750000000e-01  1.000000e+00  0.000000e+00  0.000000e+00  0.000000e+00  2.499999e-05  9.999995e-06  3.741656e-03
       4352       4352       4352 2.69531250000000e-01 2.69531250000000e-01 2.69531250000000e-01  1.000000e+00  0.000000e+00  0.000000e+00  0.000000e+00  2.499999e-05  9.999995e-06  3.741656e-03
       4480       4480       4480 2.77343750000000e-01 2.77343750000000e-01 2.77343750000000e-01  1.000000e+00  0.000000e+00  0.000000e+00  0.000000e+00  2.499999e-05  9.999995e-06  3.741656e-03
       4608       4608       4608 2.85156250000000e-01 2.85156250000000e-01 2.85156250000000e-01  1.000000e+00  0.000000e+00  0.000000e+00  0.000000e+00  2.499999e-05  9.999995e-06  3.741656e-03
       4736       4736       4736 2.92968750000000e-01 2.92968750000000e-01 2.92968750000000e-01  1.000000e+00  0.000000e+00  0.000000e+00  0.000000e+00  2.499999e-05  9.999995e-06  3.741656e-03
       4864       4864       4864 3.00781250000000e-01 3.00781250000000e-01 3.00781250000000e-01  1.000000e+00  0.000000e+00  0.000000e+00  0.000000e+00  2.499999e-05  9.999995e-06  3.741656e-03
       4992       4992       4992 3.08593750000000e-01 3.08593750000000e-01 3.08593750000000e-01  1.000000e+00  0.000000e+00  0.000000e+00  0.000000e+00  2.499999e-05  9.999995e-06  3.741656e-03
       5120       5120       5120 3.16406250000000e-01 3.16406250000000e-01 3.16406250000000e-01  1.000000e+00  0.000000e+00  0.000000e+00  0.000000e+00  2.499999e-05  9.999995e-06  3.741656e-03
       5248       5248       5248 3.24218750000000e-01 3.24218750000000e-01 3.24218750000000e-01  1.000000e+00  0.000000e+00  0.000000e+00  0.000000e+00  2.499999e-05  9.999995e-06  3.741656e-03
       5376       5376       5376 3.32031250000000e-01 3.32031250000000e-01 3.32031250000000e-01  1.000000e+00  0.000000e+00  0.000000e+00  0.000000e+00  2.499999e-05  9.999995e-06  3.741656e-03
       5504       5504       5504 3.39843750000000e-01 3.39843750000000e-01 3.39843750000000e-01  1.000000e+00  0.000000e+00  0.000000e+00  0.000000e+00  2.499999e-05  9.999995e-06  3.741656e-03
       5632       5632       5632 3.47656250000000e-01 3.47656250000000e-01 3.47656250000000e-01  1.000000e+00  0.000000e+00  0.000000e+00  0.000000e+00  2.499999e-05  9.999995e-06  3.741656e-03
       5760       5760       5760 3.55468750000000e-01 3.55468750000000e-01 3.55468750000000e-01  1.000000e+00  0.000000e+00  0.000000e+00  0.000000e+00  2.499999e-05  9.999995e-06  3.741656e-03
       5888       5888       5888 3.63281250000000e-01 3.63281250000000e-01 3.63281250000000e-01  1.000000e+00 -2.220446e-16 -2.220446e-16 -2.220446e-16  2.499999e-05  9.999995e-06  3.741656e-03
       6016       6016       6016 3.71093750000000e-01 3.71093750000000e-01 3.71093750000000e-01  1.000000e+00 -2.220446e-16 -2.220446e-16 -2.220446e-16  2.499999e-05  9.999995e-06  3.741656e-03
      10240      10240      10240 6.28906250000000e-01 6.28906250000000e-01 6.28906250000000e-01  1.000000e+00  2.220446e-16  2.220446e-16  2.220446e-16  2.499999e-05  9.999995e-06  3.741656e-03
      10368      10368      10368 6.36718750000000e-01 6.36718750000000e-01 6.36718750000000e-01  1.000000e+00  2.220446e-16  2.220446e-16  2.220446e-16  2.499999e-05  9.999995e-06  3.741656e-03
      10496      10496      10496 6.44531250000000e-01 6.44531250000000e-01 6.44531250000000e-01  1.000000e+00  0.000000e+00  0.000000e+00  0.000000e+00  2.499999e-05  9.999995e-06  3.741656e-03
      10624      10624      10624 6.52343750000000e-01 6.52343750000000e-01 6.52343750000000e-01  1.000000e+00  0.000000e+00  0.000000e+00  0.000000e+00  2.499999e-05  9.999995e-06  3.741656e-03
      10752      10752      10752 6.60156250000000e-01 6.60156250000000e-01 6.60156250000000e-01  1.000000e+00  0.000000e+00  0.000000e+00  0.000000e+00  2.499999e-05  9.999995e-06  3.741656e-03
      10880      10880      10880 6.67968750000000e-01 6.67968750000000e-01 6.67968750000000e-01  1.000000e+00  0.000000e+00  0.000000e+00  0.000000e+00  2.499999e-05  9.999995e-06  3.741656e-03
      11008      11008      11008 6.75781250000000e-01 6.75781250000000e-01 6.75781250000000e-01  1.000000e+00  0.000000e+00  0.000000e+00  0.000000e+00  2.499999e-05  9.999995e-06  3.741656e-03
      11136      11136      11136 6.83593750000000e-01 6.83593750000000e-01 6.83593750000000e-01  1.000000e+00  0.000000e+00  0.000000e+00  0.000000e+00  2.499999e-05  9.999995e-06  3.741656e-03
      11264      11264      11264 6.91406250000000e-01 6.91406250000000e-01 6.91406250000000e-01  1.000000e+00  0.000000e+00  0.000000e+00  0.000000e+00  2.499999e-05  9.999995e-06  3.741656e-03
      11392      11392      11392 6.99218750000000e-01 6.99218750000000e-01 6.99218750000000e-01  1.000000e+00  0.000000e+00  0.000000e+00  0.000000e+00  2.499999e-05  9.999995e-06  3.741656e-03
      11520      11520      11520 7.07031250000000e-01 7.07031250000000e-01 7.07031250000000e-01  1.000000e+00  0.000000e+00  0.000000e+00  0.000000e+00  2.499999e-05  9.999995e-06  3.741656e-03
      11648      11648      11648 7.14843750000000e-01 7.14843750000000e-01 7.14843750000000e-01  1.000000e+00  0.000000e+00  0.000000e+00  0.000000e+00  2.499999e-05  9.999995e-06  3.741656e-03
      11776      11776      11776 7.22656250000000e-01 7.22656250000000e-01 7.22656250000000e-01  1.000000e+00  0.000000e+00  0.000000e+00  0.000000e+00  2.499999e-05  9.999995e-06  3.741656e-03
      11904      11904      11904 7.30468750000000e-01 7.30468750000000e-01 7.30468750000000e-01  1.000000e+00  0.000000e+00  0.000000e+00  0.000000e+00  2.499999e-05  9.999995e-06  3.741656e-03
      12032      12032      12032 7.38281250000000e-01 7.38281250000000e-01 7.38281250000000e-01  1.000000e+00  0.000000e+00  0.000000e+00  0.000000e+00  2.499999e-05  9.999995e-06  3.741656e-03
      12160      12160      12160 7.46093750000000e-01 7.46093750000000e-01 7.46093750000000e-01  1.000000e+00  0.000000e+00  0.000000e+00  0.000000e+00  2.499999e-05  9.999995e-06  3.741656e-03
       7168       7168       7168 4.39453125000000e-01 4.39453125000000e-01 4.39453125000000e-01  3.214942e+00 -4.742471e+01 -4.742471e+01 -4.742469e+01  2.969804e+03  7.681749e+02  1.828974e+01
       7232       7232       7232 4.43359375000000e-01 4.43359375000000e-01 4.43359375000000e-01  1.973095e+00 -3.423323e+01 -3.423323e+01 -3.423324e+01  2.977212e+03  8.345166e+02  2.433366e+01
       7296       7296       7296 4.47265625000000e-01 4.47265625000000e-01 4.47265625000000e-01  8.289540e-01 -1.284656e+01 -1.284656e+01 -1.284656e+01  1.946711e+03  6.592319e+02  3.336706e+01
       7360       7360       7360 4.51171875000000e-01 4.51171875000000e-01 4.51171875000000e-01  4.438284e-01 -6.236630e+00 -6.236635e+00 -6.236633e+00  1.578445e+03  5.787960e+02  4.272866e+01
       7424       7424       7424 4.55078125000000e-01 4.55078125000000e-01 4.55078125000000e-01  2.347682e-01 -3.138211e+00 -3.138217e+00 -3.138217e+00  1.411652e+03  5.394913e+02  5.672005e+01
       7488       7488       7488 4.58984375000000e-01 4.58984375000000e-01 4.58984375000000e-01  5.629499e-02 -8.191969e-01 -8.191966e-01 -8.191970e-01  1.322570e+03  5.218757e+02  1.139233e+02
       7552       7552       7552 4.62890625000000e-01 4.62890625000000e-01 4.62890625000000e-01  7.858115e-03 -1.024338e-01 -1.024337e-01 -1.024336e-01  1.301296e+03  5.197172e+02  3.042905e+02
       7616       7616       7616 4.66796875000000e-01 4.66796875000000e-01 4.66796875000000e-01  5.229320e-03 -5.990423e-02 -5.990432e-02 -5.990398e-02  1.297647e+03  5.186472e+02  3.726297e+02
       7680       7680       7680 4.70703125000000e-01 4.70703125000000e-01 4.70703125000000e-01  4.277193e-03 -4.560068e-02 -4.560068e-02 -4.560052e-02  1.295636e+03  5.179628e+02  4.117503e+02
       7744       7744       7744 4.74609375000000e-01 4.74609375000000e-01 4.74609375000000e-01  4.088965e-03 -4.117740e-02 -4.117767e-02 -4.117745e-02  1.294725e+03  5.176412e+02  4.209900e+02
       7808       7808       7808 4.78515625000000e-01 4.78515625000000e-01 4.78515625000000e-01  4.050130e-03 -3.049242e-02 -3.049250e-02 -3.049239e-02  1.293891e+03  5.174188e+02  4.229126e+02
       7872       7872       7872 4.82421875000000e-01 4.82421875000000e-01 4.82421875000000e-01  4.041733e-03 -1.877863e-02 -1.877883e-02 -1.877873e-02  1.293051e+03  5.171679e+02  4.232490e+02
       7936       7936       7936 4.86328125000000e-01 4.86328125000000e-01 4.86328125000000e-01  4.052172e-03 -1.306921e-02 -1.306908e-02 -1.306903e-02  1.292484e+03  5.169682e+02  4.226219e+02
       8000       8000       8000 4.90234375000000e-01 4.90234375000000e-01 4.90234375000000e-01  4.202816e-03 -8.696707e-03 -8.696830e-03 -8.696677e-03  1.292180e+03  5.168613e+02  4.149357e+02
       8064       8064       8064 4.94140625000000e-01 4.94140625000000e-01 4.94140625000000e-01  4.154330e-03 -6.146303e-03 -6.146109e-03 -6.146171e-03  1.291888e+03  5.167499e+02  4.173051e+02
       8128       8128       8128 4.98046875000000e-01 4.98046875000000e-01 4.98046875000000e-01  4.143268e-03 -2.289977e-03 -2.290150e-03 -2.290064e-03  1.291787e+03  5.167140e+02  4.178473e+02
       8192       8192       8192 5.01953125000000e-01 5.01953125000000e-01 5.01953125000000e-01  4.143264e-03  2.290219e-03  2.290269e-03  2.290286e-03  1.291786e+03  5.167138e+02  4.178474e+02
       8256       8256       8256 5.05859375000000e-01 5.05859375000000e-01 5.05859375000000e-01  4.154332e-03  6.146173e-03  6.145986e-03  6.146206e-03  1.291888e+03  5.167499e+02  4.173050e+02
       8320       8320       8320 5.09765625000000e-01 5.09765625000000e-01 5.09765625000000e-01  4.202819e-03  8.696794e-03  8.696350e-03  8.696759e-03  1.292180e+03  5.168613e+02  4.149356e+02
       8384       8384       8384 5.13671875000000e-01 5.13671875000000e-01 5.13671875000000e-01  4.052168e-03  1.306926e-02  1.306923e-02  1.306904e-02  1.292484e+03  5.169682e+02  4.226221e+02
       8448       8448       8448 5.17578125000000e-01 5.17578125000000e-01 5.17578125000000e-01  4.041729e-03  1.877875e-02  1.877838e-02  1.877879e-02  1.293051e+03  5.171679e+02  4.232493e+02
       8512       8512       8512 5.21484375000000e-01 5.21484375000000e-01 5.21484375000000e-01  4.050129e-03  3.049211e-02  3.049231e-02  3.049251e-02  1.293891e+03  5.174188e+02  4.229127e+02
       8576       8576       8576 5.25390625000000e-01 5.25390625000000e-01 5.25390625000000e-01  4.088963e-03  4.117743e-02  4.117764e-02  4.117730e-02  1.294725e+03  5.176412e+02  4.209901e+02
       8640       8640       8640 5.29296875000000e-01 5.29296875000000e-01 5.29296875000000e-01  4.277193e-03  4.560087e-02  4.560059e-02  4.560095e-02  1.295636e+03  5.179628e+02  4.117503e+02
       8704       8704       8704 5.33203125000000e-01 5.33203125000000e-01 5.33203125000000e-01  5.229321e-03  5.990437e-02  5.990446e-02  5.990441e-02  1.297647e+03  5.186472e+02  3.726296e+02
       8768       8768       8768 5.37109375000000e-01 5.37109375000000e-01 5.37109375000000e-01  7.858111e-03  1.024335e-01  1.024339e-01  1.024339e-01  1.301296e+03  5.197173e+02  3.042906e+02
       8832       8832       8832 5.41015625000000e-01 5.41015625000000e-01 5.41015625000000e-01  5.629512e-02  8.191981e-01  8.191990e-01  8.191983e-01  1.322570e+03  5.218757e+02  1.139232e+02
       8896       8896       8896 5.44921875000000e-01 5.44921875000000e-01 5.44921875000000e-01  2.347682e-01  3.138215e+00  3.138215e+00  3.138215e+00  1.411652e+03  5.394913e+02  5.672005e+01
       8960       8960       8960 5.48828125000000e-01 5.48828125000000e-01 5.48828125000000e-01  4.438281e-01  6.236626e+00  6.236628e+00  6.236630e+00  1.578444e+03  5.787958e+02  4.272866e+01
       9024       9024       9024 5.52734375000000e-01 5.52734375000000e-01 5.52734375000000e-01  8.289538e-01  1.284656e+01  1.284657e+01  1.284656e+01  1.946710e+03  6.592316e+02  3.336705e+01
       9088       9088       9088 5.56640625000000e-01 5.56640625000000e-01 5.56640625000000e-01  1.973097e+00  3.423326e+01  3.423328e+01  3.423327e+01  2.977214e+03  8.345167e+02  2.433365e+01
       9152       9152       9152 5.60546875000000e-01 5.60546875000000e-01 5.60546875000000e-01  3.214941e+00  4.742468e+01  4.742470e+01  4.742470e+01  2.969803e+03  7.681745e+02  1.828974e+01
       6144       6144       6144 3.76953125000000e-01 3.76953125000000e-01 3.76953125000000e-01  1.000000e+00  0.000000e+00  0.000000e+00  0.000000e+00  2.499999e-05  9.999995e-06  3.741656e-03
       6208       6208       6208 3.80859375000000e-01 3.80859375000000e-01 3.80859375000000e-01  1.000000e+00  0.000000e+00  0.000000e+00  0.000000e+00  2.499999e-05  9.999995e-06  3.741656e-03
       6272       6272       6272 3.84765625000000e-01 3.84765625000000e-01 3.84765625000000e-01  1.000000e+00  0.000000e+00  0.000000e+00  0.000000e+00  2.499999e-05  9.999995e-06  3.741656e-03
       6336       6336       6336 3.88671875000000e-01 3.88671875000000e-01 3.88671875000000e-01  1.000000e+00  0.000000e+00  0.000000e+00  0.000000e+00  2.499999e-05  9.999995e-06  3.741656e-03
       6400       6400       6400 3.92578125000000e-01 3.92578125000000e-01 3.92578125000000e-01  1.000000e+00  0.000000e+00  0.000000e+00  0.000000e+00  2.499999e-05  9.999995e-06  3.741656e-03
       6464       6464       6464 3.96484375000000e-01 3.96484375000000e-01 3.96484375000000e-01  1.000000e+00  0.000000e+00  0.000000e+00  0.000000e+00  2.499999e-05  9.999995e-06  3.741656e-03
       6528       6528       6528 4.00390625000000e-01 4.00390625000000e-01 4.00390625000000e-01  1.000000e+00  0.000000e+00  0.000000e+00  0.000000e+00  2.499999e-05  9.999995e-06  3.741656e-03
       6592       6592       6592 4.04296875000000e-01 4.04296875000000e-01 4.04296875000000e-01  1.000000e+00  0.000000e+00  0.000000e+00  0.000000e+00  2.499999e-05  9.999995e-06  3.741656e-03
       6656       6656       6656 4.08203125000000e-01 4.08203125000000e-01 4.08203125000000e-01  1.000000e+00  0.000000e+00  0.000000e+00  0.000000e+00  2.499999e-05  9.999995e-06  3.741656e-03
       6720       6720       6720 4.12109375000000e-01 4.12109375000000e-01 4.12109375000000e-01  1.000000e+00  0.000000e+00  0.000000e+00  0.000000e+00  2.499999e-05  9.999995e-06  3.741656e-03
       6784       6784       6784 4.16015625000000e-01 4.16015625000000e-01 4.16015625000000e-01  1.000000e+00  0.000000e+00  0.000000e+00  0.000000e+00  2.499999e-05  9.999995e-06  3.741656e-03
       6848       6848       6848 4.19921875000000e-01 4.19921875000000e-01 4.19921875000000e-01  1.000000e+00  0.000000e+00  0.000000e+00  0.000000e+00  2.499999e-05  9.999995e-06  3.741656e-03
       6912       6912       6912 4.23828125000000e-01 4.23828125000000e-01 4.23828125000000e-01  1.000000e+00  0.000000e+00  0.000000e+00  0.000000e+00  2.499999e-05  9.999995e-06  3.741656e-03
       6976       6976       6976 4.27734375000000e-01 4.27734375000000e-01 4.27734375000000e-01  1.000000e+00  0.000000e+00  0.000000e+00  0.000000e+00  2.499999e-05  9.999995e-06  3.741656e-03
       7040       7040       7040 4.31640625000000e-01 4.31640625000000e-01 4.31640625000000e-01  1.000000e+00  9.436896e-16  9.436896e-16  9.436896e-16  2.499999e-05  9.999995e-06  3.741656e-03
       7104       7104       7104 4.35546875000000e-01 4.35546875000000e-01 4.35546875000000e-01  1.001119e+00 -3.456795e-05 -3.456795e-05 -3.456794e-05  5.134689e-05  2.053804e-05  5.359208e-03
       9216       9216       9216 5.64453125000000e-01 5.64453125000000e-01 5.64453125000000e-01  1.001119e+00  3.456787e-05  3.456788e-05  3.456788e-05  5.134681e-05  2.053801e-05  5.359204e-03
       9280       9280       9280 5.68359375000000e-01 5.68359375000000e-01 5.68359375000000e-01  1.000000e+00 -9.436896e-16 -9.436896e-16 -9.436896e-16  2.499999e-05  9.999995e-06  3.741656e-03
       9344       9344       9344 5.72265625000000e-01 5.72265625000000e-01 5.72265625000000e-01  1.000000e+00  0.000000e+00  0.000000e+00  0.000000e+00  2.499999e-05  9.999995e-06  3.741656e-03
       9408       9408       9408 5.76171875000000e-01 5.76171875000000e-01 5.76171875000000e-01  1.000000e+00  0.000000e+00  0.000000e+00  0.000000e+00  2.499999e-05  9.999995e-06  3.741656e-03
       9472       9472       9472 5.80078125000000e-01 5.80078125000000e-01 5.80078125000000e-01  1.000000e+00  0.000000e+00  0.000000e+00  0.000000e+00  2.499999e-05  9.999995e-06  3.741656e-03
       9536       9536       9536 5.83984375000000e-01 5.83984375000000e-01 5.83984375000000e-01  1.000000e+00  0.000000e+00  0.000000e+00  0.000000e+00  2.499999e-05  9.999995e-06  3.741656e-03
       9600       9600       9600 5.87890625000000e-01 5.87890625000000e-01 5.87890625000000e-01  1.000000e+00  0.000000e+00  0.000000e+00  0.000000e+00  2.499999e-05  9.999995e-06  3.741656e-03
       9664       9664       9664 5.91796875000000e-01 5.91796875000000e-01 5.91796875000000e-01  1.000000e+00  0.000000e+00  0.000000e+00  0.000000e+00  2.499999e-05  9.999995e-06  3.741656e-03
       9728       9728       9728 5.95703125000000e-01 5.95703125000000e-01 5.95703125000000e-01  1.000000e+00  0.000000e+00  0.000000e+00  0.000000e+00  2.499999e-05  9.999995e-06  3.741656e-03
       9792       9792       9792 5.99609375000000e-01 5.99609375000000e-01 5.99609375000000e-01  1.000000e+00  0.000000e+00  0.000000e+00  0.000000e+00  2.499999e-05  9.999995e-06  3.741656e-03
       9856       9856       9856 6.03515625000000e-01 6.03515625000000e-01 6.03515625000000e-01  1.000000e+00  0.000000e+00  0.000000e+00  0.000000e+00  2.499999e-05  9.999995e-06  3.741656e-03
       9920       9920       9920 6.07421875000000e-01 6.07421875000000e-01 6.07421875000000e-01  1.000000e+00  0.000000e+00  0.000000e+00  0.000000e+00  2.499999e-05  9.999995e-06  3.741656e-03
       9984       9984       9984 6.11328125000000e-01 6.11328125000000e-01 6.11328125000000e-01  1.000000e+00  0.000000e+00  0.000000e+00  0.000000e+00  2.499999e-05  9.999995e-06  3.741656e-03
      10048      10048      10048 6.15234375000000e-01 6.15234375000000e-01 6.15234375000000e-01  1.000000e+00  0.000000e+00  0.000000e+00  0.000000e+00  2.499999e-05  9.999995e-06  3.741656e-03
      10112      10112      10112 6.19140625000000e-01 6.19140625000000e-01 6.19140625000000e-01  1.000000e+00  0.000000e+00  0.000000e+00  0.000000e+00  2.499999e-05  9.999995e-06  3.741656e-03
      10176      10176      10176 6.23046875000000e-01 6.23046875000000e-01 6.23046875000000e-01  1.000000e+00  0.000000e+00  0.000000e+00  0.000000e+00  2.499999e-05  9.999995e-06  3.741656e-03
