#         i          j          k                    x                    y                    z          Dens          MomX          MomY          MomZ          Engy      Pressure   Sound speed
          0          0          0 7.81250000000000e-03 7.81250000000000e-03 7.81250000000000e-03  1.000000e+00  0.000000e+00  0.000000e+00  0.000000e+00  2.499999e-05  9.999995e-06  3.741656e-03
        256        256        256 2.34375000000000e-02 2.34375000000000e-02 2.34375000000000e-02  1.000000e+00  0.000000e+00  0.000000e+00  0.000000e+00  2.499999e-05  9.999995e-06  3.741656e-03
        512        512        512 3.90625000000000e-02 3.90625000000000e-02 3.90625000000000e-02  1.000000e+00  0.000000e+00  0.000000e+00  0.000000e+00  2.499999e-05  9.999995e-06  3.741656e-03
        768        768        768 5.46875000000000e-02 5.46875000000000e-02 5.46875000000000e-02  1.000000e+00  0.000000e+00  0.000000e+00  0.000000e+00  2.499999e-05  9.999995e-06  3.741656e-03
       1024       1024       1024 7.03125000000000e-02 7.03125000000000e-02 7.03125000000000e-02  1.000000e+00  0.000000e+00  0.000000e+00  0.000000e+00  2.499999e-05  9.999995e-06  3.741656e-03
       1280       1280       1280 8.59375000000000e-02 8.59375000000000e-02 8.59375000000000e-02  1.000000e+00  0.000000e+00  0.000000e+00  0.000000e+00  2.499999e-05  9.999995e-06  3.741656e-03
       1536       1536       1536 1.01562500000000e-01 1.01562500000000e-01 1.01562500000000e-01  1.000000e+00  0.000000e+00  0.000000e+00  0.000000e+00  2.499999e-05  9.999995e-06  3.741656e-03
       1792       1792       1792 1.17187500000000e-01 1.17187500000000e-01 1.17187500000000e-01  1.000000e+00  0.000000e+00  0.000000e+00  0.000000e+00  2.499999e-05  9.999995e-06  3.741656e-03
       2048       2048       2048 1.32812500000000e-01 1.32812500000000e-01 1.32812500000000e-01  1.000000e+00  0.000000e+00  0.000000e+00  0.000000e+00  2.499999e-05  9.999995e-06  3.741656e-03
       2304       2304       2304 1.48437500000000e-01 1.48437500000000e-01 1.48437500000000e-01  1.000000e+00  0.000000e+00  0.000000e+00  0.000000e+00  2.499999e-05  9.999995e-06  3.741656e-03
       2560       2560       2560 1.64062500000000e-01 1.64062500000000e-01 1.64062500000000e-01  1.000000e+00  0.000000e+00  0.000000e+00  0.000000e+00  2.499999e-05  9.999995e-06  3.741656e-03
       2816       2816       2816 1.79687500000000e-01 1.79687500000000e-01 1.79687500000000e-01  1.000000e+00  0.000000e+00  0.000000e+00  0.000000e+00  2.499999e-05  9.999995e-06  3.741656e-03
       3072       3072       3072 1.95312500000000e-01 1.95312500000000e-01 1.95312500000000e-01  1.000000e+00  0.000000e+00  0.000000e+00  0.000000e+00  2.499999e-05  9.999995e-06  3.741656e-03
       3328       3328       3328 2.10937500000000e-01 2.10937500000000e-01 2.10937500000000e-01  1.000000e+00  0.000000e+00  0.000000e+00  0.000000e+00  2.499999e-05  9.999995e-06  3.741656e-03
       3584       3584       3584 2.26562500000000e-01 2.26562500000000e-01 2.26562500000000e-01  1.000000e+00  0.000000e+00  0.000000e+00  0.000000e+00  2.499999e-05  9.999995e-06  3.741656e-03
       3840       3840       3840 2.42187500000000e-01 2.42187500000000e-01 2.42187500000000e-01  1.000000e+00  0.000000e+00  0.000000e+00  0.000000e+00  2.499999e-05  9.999995e-06  3.741656e-03
      12288      12288      12288 7.57812500000000e-01 7.57812500000000e-01 7.57812500000000e-01  1.000000e+00  0.000000e+00  0.000000e+00  0.000000e+00  2.499999e-05  9.999995e-06  3.741656e-03
      12544      12544      12544 7.73437500000000e-01 7.73437500000000e-01 7.73437500000000e-01  1.000000e+00  0.000000e+00  0.000000e+00  0.000000e+00  2.499999e-05  9.999995e-06  3.741656e-03
      12800      12800      12800 7.89062500000000e-01 7.89062500000000e-01 7.89062500000000e-01  1.000000e+00  0.000000e+00  0.000000e+00  0.000000e+00  2.499999e-05  9.999995e-06  3.741656e-03
      13056      13056      13056 8.04687500000000e-01 8.04687500000000e-01 8.04687500000000e-01  1.000000e+00  0.000000e+00  0.000000e+00  0.000000e+00  2.499999e-05  9.999995e-06  3.741656e-03
      13312      13312      13312 8.20312500000000e-01 8.20312500000000e-01 8.20312500000000e-01  1.000000e+00  0.000000e+00  0.000000e+00  0.000000e+00  2.499999e-05  9.999995e-06  3.741656e-03
      13568      13568      13568 8.35937500000000e-01 8.35937500000000e-01 8.35937500000000e-01  1.000000e+00  0.000000e+00  0.000000e+00  0.000000e+00  2.499999e-05  9.999995e-06  3.741656e-03
      13824      13824      13824 8.51562500000000e-01 8.51562500000000e-01 8.51562500000000e-01  1.000000e+00  0.000000e+00  0.000000e+00  0.000000e+00  2.499999e-05  9.999995e-06  3.741656e-03
      14080      14080      14080 8.67187500000000e-01 8.67187500000000e-01 8.67187500000000e-01  1.000000e+00  0.000000e+00  0.000000e+00  0.000000e+00  2.499999e-05  9.999995e-06  3.741656e-03
      14336      14336      14336 8.82812500000000e-01 8.82812500000000e-01 8.82812500000000e-01  1.000000e+00  0.000000e+00  0.000000e+00  0.000000e+00  2.499999e-05  9.999995e-06  3.741656e-03
      14592      14592      14592 8.98437500000000e-01 8.98437500000000e-01 8.98437500000000e-01  1.000000e+00  0.000000e+00  0.000000e+00  0.000000e+00  2.499999e-05  9.999995e-06  3.741656e-03
      14848      14848      14848 9.14062500000000e-01 9.14062500000000e-01 9.14062500000000e-01  1.000000e+00  0.000000e+00  0.000000e+00  0.000000e+00  2.499999e-05  9.999995e-06  3.741656e-03
      15104      15104      15104 9.29687500000000e-01 9.29687500000000e-01 9.29687500000000e-01  1.000000e+00  0.000000e+00  0.000000e+00  0.000000e+00  2.499999e-05  9.999995e-06  3.741656e-03
      15360      15360      15360 9.45312500000000e-01 9.45312500000000e-01 9.45312500000000e-01  1.000000e+00  0.000000e+00  0.000000e+00  0.000000e+00  2.499999e-05  9.999995e-06  3.741656e-03
      15616      15616      15616 9.60937500000000e-01 9.60937500000000e-01 9.60937500000000e-01  1.000000e+00  0.000000e+00  0.000000e+00  0.000000e+00  2.499999e-05  9.999995e-06  3.741656e-03
      15872      15872      15872 9.76562500000000e-01 9.76562500000000e-01 9.76562500000000e-01  1.000000e+00  0.000000e+00  0.000000e+00  0.000000e+00  2.499999e-05  9.999995e-06  3.741656e-03
      16128      16128      16128 9.92187500000000e-01 9.92187500000000e-01 9.92187500000000e-01  1.000000e+00  0.000000e+00  0.000000e+00  0.000000e+00  2.499999e-05  9.999995e-06  3.741656e-03
       4096       4096       4096 2.53906250000000e-01 2.53906250000000e-01 2.53906250000000e-01  1.000000e+00  0.000000e+00  0.000000e+00  0.000000e+00  2.499999e-05  9.999995e-06  3.741656e-03
       4224       4224       4224 2.61718750000000e-01 2.61718750000000e-01 2.61718750000000e-01  1.000000e+00  0.000000e+00  0.000000e+00  0.000000e+00  2.499999e-05  9.999995e-06  3.741656e-03
       4352       4352       4352 2.69531250000000e-01 2.69531250000000e-01 2.69531250000000e-01  1.000000e+00  0.000000e+00  0.000000e+00  0.000000e+00  2.499999e-05  9.999995e-06  3.741656e-03
       4480       4480       4480 2.77343750000000e-01 2.77343750000000e-01 2.77343750000000e-01  1.000000e+00  0.000000e+00  0.000000e+00  0.000000e+00  2.499999e-05  9.999995e-06  3.741656e-03
       4608       4608       4608 2.85156250000000e-01 2.85156250000000e-01 2.85156250000000e-01  1.000000e+00  0.000000e+00  0.000000e+00  0.000000e+00  2.499999e-05  9.999995e-06  3.741656e-03
       4736       4736       4736 2.92968750000000e-01 2.92968750000000e-01 2.92968750000000e-01  1.000000e+00  0.000000e+00  0.000000e+00  0.000000e+00  2.499999e-05  9.999995e-06  3.741656e-03
       4864       4864       4864 3.00781250000000e-01 3.00781250000000e-01 3.00781250000000e-01  1.000000e+00  0.000000e+00  0.000000e+00  0.000000e+00  2.499999e-05  9.999995e-06  3.741656e-03
       4992       4992       4992 3.08593750000000e-01 3.08593750000000e-01 3.08593750000000e-01  1.000000e+00  0.000000e+00  0.000000e+00  0.000000e+00  2.499999e-05  9.999995e-06  3.741656e-03
       5120       5120       5120 3.16406250000000e-01 3.16406250000000e-01 3.16406250000000e-01  1.000000e+00  0.000000e+00  0.000000e+00  0.000000e+00  2.499999e-05  9.999995e-06  3.741656e-03
       5248       5248       5248 3.24218750000000e-01 3.24218750000000e-01 3.24218750000000e-01  1.000000e+00  0.000000e+00  0.000000e+00  0.000000e+00  2.499999e-05  9.999995e-06  3.741656e-03
       5376       5376       5376 3.32031250000000e-01 3.32031250000000e-01 3.32031250000000e-01  1.000000e+00  0.000000e+00  0.000000e+00  0.000000e+00  2.499999e-05  9.999995e-06  3.741656e-03
       5504       5504       5504 3.39843750000000e-01 3.39843750000000e-01 3.39843750000000e-01  1.000000e+00  0.000000e+00  0.000000e+00  0.000000e+00  2.499999e-05  9.999995e-06  3.741656e-03
       5632       5632       5632 3.47656250000000e-01 3.47656250000000e-01 3.47656250000000e-01  1.000000e+00  0.000000e+00  0.000000e+00  0.000000e+00  2.499999e-05  9.999995e-06  3.741656e-03
       5760       5760       5760 3.55468750000000e-01 3.55468750000000e-01 3.55468750000000e-01  1.000000e+00  0.000000e+00  0.000000e+00  0.000000e+00  2.499999e-05  9.999995e-06  3.741656e-03
       5888       5888       5888 3.63281250000000e-01 3.63281250000000e-01 3.63281250000000e-01  1.000000e+00 -2.220446e-16 -2.220446e-16 -2.220446e-16  2.499999e-05  9.999995e-06  3.741656e-03
       6016       6016       6016 3.71093750000000e-01 3.71093750000000e-01 3.71093750000000e-01  1.000000e+00 -2.220446e-16 -2.220446e-16 -2.220446e-16  2.499999e-05  9.999995e-06  3.741656e-03
      10240      10240      10240 6.28906250000000e-01 6.28906250000000e-01 6.28906250000000e-01  1.000000e+00  2.220446e-16  2.220446e-16  2.220446e-16  2.499999e-05  9.999995e-06  3.741656e-03
      10368      10368      10368 6.36718750000000e-01 6.36718750000000e-01 6.36718750000000e-01  1.000000e+00  2.220446e-16  2.220446e-16  2.220446e-16  2.499999e-05  9.999995e-06  3.741656e-03
      10496      10496      10496 6.44531250000000e-01 6.44531250000000e-01 6.44531250000000e-01  1.000000e+00  0.000000e+00  0.000000e+00  0.000000e+00  2.499999e-05  9.999995e-06  3.741656e-03
      10624      10624      10624 6.52343750000000e-01 6.52343750000000e-01 6.52343750000000e-01  1.000000e+00  0.000000e+00  0.000000e+00  0.000000e+00  2.499999e-05  9.999995e-06  3.741656e-03
      10752      10752      10752 6.60156250000000e-01 6.60156250000000e-01 6.60156250000000e-01  1.000000e+00  0.000000e+00  0.000000e+00  0.000000e+00  2.499999e-05  9.999995e-06  3.741656e-03
      10880      10880      10880 6.67968750000000e-01 6.67968750000000e-01 6.67968750000000e-01  1.000000e+00  0.000000e+00  0.000000e+00  0.000000e+00  2.499999e-05  9.999995e-06  3.741656e-03
      11008      11008      11008 6.75781250000000e-01 6.75781250000000e-01 6.75781250000000e-01  1.000000e+00  0.000000e+00  0.000000e+00  0.000000e+00  2.499999e-05  9.999995e-06  3.741656e-03
      11136      11136      11136 6.83593750000000e-01 6.83593750000000e-01 6.83593750000000e-01  1.000000e+00  0.000000e+00  0.000000e+00  0.000000e+00  2.499999e-05  9.999995e-06  3.741656e-03
      11264      11264      11264 6.91406250000000e-01 6.91406250000000e-01 6.91406250000000e-01  1.000000e+00  0.000000e+00  0.000000e+00  0.000000e+00  2.499999e-05  9.999995e-06  3.741656e-03
      11392      11392      11392 6.99218750000000e-01 6.99218750000000e-01 6.99218750000000e-01  1.000000e+00  0.000000e+00  0.000000e+00  0.000000e+00  2.499999e-05  9.999995e-06  3.741656e-03
      11520      11520      11520 7.07031250000000e-01 7.07031250000000e-01 7.07031250000000e-01  1.000000e+00  0.000000e+00  0.000000e+00  0.000000e+00  2.499999e-05  9.999995e-06  3.741656e-03
      11648      11648      11648 7.14843750000000e-01 7.14843750000000e-01 7.14843750000000e-01  1.000000e+00  0.000000e+00  0.000000e+00  0.000000e+00  2.499999e-05  9.999995e-06  3.741656e-03
      11776      11776      11776 7.22656250000000e-01 7.22656250000000e-01 7.22656250000000e-01  1.000000e+00  0.000000e+00  0.000000e+00  0.000000e+00  2.499999e-05  9.999995e-06  3.741656e-03
      11904      11904      11904 7.30468750000000e-01 7.30468750000000e-01 7.30468750000000e-01  1.000000e+00  0.000000e+00  0.000000e+00  0.000000e+00  2.499999e-05  9.999995e-06  3.741656e-03
      12032      12032      12032 7.38281250000000e-01 7.38281250000000e-01 7.38281250000000e-01  1.000000e+00  0.000000e+00  0.000000e+00  0.000000e+00  2.499999e-05  9.999995e-06  3.741656e-03
      12160      12160      12160 7.46093750000000e-01 7.46093750000000e-01 7.46093750000000e-01  1.000000e+00  0.000000e+00  0.000000e+00  0.000000e+00  2.499999e-05  9.999995e-06  3.741656e-03
       7168       7168       7168 4.39453125000000e-01 4.39453125000000e-01 4.39453125000000e-01  1.000000e+00  0.000000e+00  0.000000e+00  0.000000e+00  2.499999e-05  9.999995e-06  3.741656e-03
       7232       7232       7232 4.43359375000000e-01 4.43359375000000e-01 4.43359375000000e-01  1.000000e+00  0.000000e+00  0.000000e+00  0.000000e+00  2.499999e-05  9.999995e-06  3.741656e-03
       7296       7296       7296 4.47265625000000e-01 4.47265625000000e-01 4.47265625000000e-01  1.000000e+00 -1.747786e-28 -1.747786e-28 -1.747786e-28  2.499999e-05  9.999995e-06  3.741656e-03
       7360       7360       7360 4.51171875000000e-01 4.51171875000000e-01 4.51171875000000e-01  1.007751e+00 -2.247395e-03 -2.247394e-03 -2.247391e-03  1.342146e-02  5.365578e-03  8.633675e-02
       7424       7424       7424 4.55078125000000e-01 4.55078125000000e-01 4.55078125000000e-01  3.481916e+00 -9.967702e+01 -9.967699e+01 -9.967699e+01  1.076453e+04  2.593738e+03  3.229371e+01
       7488       7488       7488 4.58984375000000e-01 4.58984375000000e-01 4.58984375000000e-01  1.142802e+00 -2.645325e+01 -2.645325e+01 -2.645325e+01  4.731215e+03  1.525087e+03  4.322409e+01
       7552       7552       7552 4.62890625000000e-01 4.62890625000000e-01 4.62890625000000e-01  4.778059e-01 -9.951875e+00 -9.951873e+00 -9.951874e+00  3.549184e+03  1.295306e+03  6.160620e+01
       7616       7616       7616 4.66796875000000e-01 4.66796875000000e-01 4.66796875000000e-01  1.638529e-01 -3.591281e+00 -3.591281e+00 -3.591283e+00  3.139363e+03  1.208518e+03  1.016163e+02
       7680       7680       7680 4.70703125000000e-01 4.70703125000000e-01 4.70703125000000e-01  2.202123e-02 -4.883124e-01 -4.883125e-01 -4.883128e-01  2.981207e+03  1.185986e+03  2.745889e+02
       7744       7744       7744 4.74609375000000e-01 4.74609375000000e-01 4.74609375000000e-01  9.223410e-03 -1.800542e-01 -1.800547e-01 -1.800543e-01  2.958724e+03  1.181381e+03  4.234608e+02
       7808       7808       7808 4.78515625000000e-01 4.78515625000000e-01 4.78515625000000e-01  7.453293e-03 -1.282136e-01 -1.282135e-01 -1.282134e-01  2.951401e+03  1.179237e+03  4.706418e+02
       7872       7872       7872 4.82421875000000e-01 4.82421875000000e-01 4.82421875000000e-01  7.276617e-03 -9.100033e-02 -9.100021e-02 -9.100020e-02  2.946782e+03  1.178030e+03  4.760772e+02
       7936       7936       7936 4.86328125000000e-01 4.86328125000000e-01 4.86328125000000e-01  7.254942e-03 -5.250693e-02 -5.250692e-02 -5.250721e-02  2.942123e+03  1.176621e+03  4.765027e+02
       8000       8000       8000 4.90234375000000e-01 4.90234375000000e-01 4.90234375000000e-01  7.462764e-03 -3.413587e-02 -3.413541e-02 -3.413590e-02  2.940057e+03  1.175929e+03  4.696829e+02
       8064       8064       8064 4.94140625000000e-01 4.94140625000000e-01 4.94140625000000e-01  7.527084e-03 -2.201984e-02 -2.201927e-02 -2.201989e-02  2.937800e+03  1.175081e+03  4.675032e+02
       8128       8128       8128 4.98046875000000e-01 4.98046875000000e-01 4.98046875000000e-01  7.450163e-03 -8.138534e-03 -8.138870e-03 -8.138508e-03  2.937247e+03  1.174893e+03  4.698729e+02
       8192       8192       8192 5.01953125000000e-01 5.01953125000000e-01 5.01953125000000e-01  7.450157e-03  8.138547e-03  8.138255e-03  8.138830e-03  2.937247e+03  1.174893e+03  4.698730e+02
       8256       8256       8256 5.05859375000000e-01 5.05859375000000e-01 5.05859375000000e-01  7.527086e-03  2.201928e-02  2.201967e-02  2.202002e-02  2.937800e+03  1.175081e+03  4.675031e+02
       8320       8320       8320 5.09765625000000e-01 5.09765625000000e-01 5.09765625000000e-01  7.462767e-03  3.413575e-02  3.413607e-02  3.413583e-02  2.940058e+03  1.175929e+03  4.696828e+02
       8384       8384       8384 5.13671875000000e-01 5.13671875000000e-01 5.13671875000000e-01  7.254937e-03  5.250636e-02  5.250671e-02  5.250650e-02  2.942123e+03  1.176621e+03  4.765029e+02
       8448       8448       8448 5.17578125000000e-01 5.17578125000000e-01 5.17578125000000e-01  7.276616e-03  9.100010e-02  9.100042e-02  9.100026e-02  2.946782e+03  1.178030e+03  4.760773e+02
       8512       8512       8512 5.21484375000000e-01 5.21484375000000e-01 5.21484375000000e-01  7.453294e-03  1.282135e-01  1.282138e-01  1.282137e-01  2.951402e+03  1.179237e+03  4.706418e+02
       8576       8576       8576 5.25390625000000e-01 5.25390625000000e-01 5.25390625000000e-01  9.223417e-03  1.800544e-01  1.800546e-01  1.800548e-01  2.958724e+03  1.181381e+03  4.234606e+02
       8640       8640       8640 5.29296875000000e-01 5.29296875000000e-01 5.29296875000000e-01  2.202126e-02  4.883137e-01  4.883142e-01  4.883134e-01  2.981208e+03  1.185986e+03  2.745887e+02
       8704       8704       8704 5.33203125000000e-01 5.33203125000000e-01 5.33203125000000e-01  1.638531e-01  3.591285e+00  3.591290e+00  3.591285e+00  3.139365e+03  1.208518e+03  1.016163e+02
       8768       8768       8768 5.37109375000000e-01 5.37109375000000e-01 5.37109375000000e-01  4.778059e-01  9.951876e+00  9.951877e+00  9.951877e+00  3.549184e+03  1.295305e+03  6.160619e+01
       8832       8832       8832 5.41015625000000e-01 5.41015625000000e-01 5.41015625000000e-01  1.142802e+00  2.645324e+01  2.645324e+01  2.645325e+01  4.731215e+03  1.525087e+03  4.322409e+01
       8896       8896       8896 5.44921875000000e-01 5.44921875000000e-01 5.44921875000000e-01  3.481915e+00  9.967698e+01  9.967699e+01  9.967699e+01  1.076453e+04  2.593739e+03  3.229372e+01
       8960       8960       8960 5.48828125000000e-01 5.48828125000000e-01 5.48828125000000e-01  1.007751e+00  2.247394e-03  2.247393e-03  2.247394e-03  1.342147e-02  5.365580e-03  8.633676e-02
       9024       9024       9024 5.52734375000000e-01 5.52734375000000e-01 5.52734375000000e-01  1.000000e+00  1.747786e-28  1.747786e-28  1.747786e-28  2.499999e-05  9.999995e-06  3.741656e-03
       9088       9088       9088 5.56640625000000e-01 5.56640625000000e-01 5.56640625000000e-01  1.000000e+00  0.000000e+00  0.000000e+00  0.000000e+00  2.499999e-05  9.999995e-06  3.741656e-03
       9152       9152       9152 5.60546875000000e-01 5.60546875000000e-01 5.60546875000000e-01  1.000000e+00  0.000000e+00  0.000000e+00  0.000000e+00  2.499999e-05  9.999995e-06  3.741656e-03
       6144       6144       6144 3.76953125000000e-01 3.76953125000000e-01 3.76953125000000e-01  1.000000e+00  0.000000e+00  0.000000e+00  0.000000e+00  2.499999e-05  9.999995e-06  3.741656e-03
       6208       6208       6208 3.80859375000000e-01 3.80859375000000e-01 3.80859375000000e-01  1.000000e+00  0.000000e+00  0.000000e+00  0.000000e+00  2.499999e-05  9.999995e-06  3.741656e-03
       6272       6272       6272 3.84765625000000e-01 3.84765625000000e-01 3.84765625000000e-01  1.000000e+00  0.000000e+00  0.000000e+00  0.000000e+00  2.499999e-05  9.999995e-06  3.741656e-03
       6336       6336       6336 3.88671875000000e-01 3.88671875000000e-01 3.88671875000000e-01  1.000000e+00  0.000000e+00  0.000000e+00  0.000000e+00  2.499999e-05  9.999995e-06  3.741656e-03
       6400       6400       6400 3.92578125000000e-01 3.92578125000000e-01 3.92578125000000e-01  1.000000e+00  0.000000e+00  0.000000e+00  0.000000e+00  2.499999e-05  9.999995e-06  3.741656e-03
       6464       6464       6464 3.96484375000000e-01 3.96484375000000e-01 3.96484375000000e-01  1.000000e+00  0.000000e+00  0.000000e+00  0.000000e+00  2.499999e-05  9.999995e-06  3.741656e-03
       6528       6528       6528 4.00390625000000e-01 4.00390625000000e-01 4.00390625000000e-01  1.000000e+00  0.000000e+00  0.000000e+00  0.000000e+00  2.499999e-05  9.999995e-06  3.741656e-03
       6592       6592       6592 4.04296875000000e-01 4.04296875000000e-01 4.04296875000000e-01  1.000000e+00  0.000000e+00  0.000000e+00  0.000000e+00  2.499999e-05  9.999995e-06  3.741656e-03
       6656       6656       6656 4.08203125000000e-01 4.08203125000000e-01 4.08203125000000e-01  1.000000e+00  0.000000e+00  0.000000e+00  0.000000e+00  2.499999e-05  9.999995e-06  3.741656e-03
       6720       6720       6720 4.12109375000000e-01 4.12109375000000e-01 4.12109375000000e-01  1.000000e+00  0.000000e+00  0.000000e+00  0.000000e+00  2.499999e-05  9.999995e-06  3.741656e-03
       6784       6784       6784 4.16015625000000e-01 4.16015625000000e-01 4.16015625000000e-01  1.000000e+00  0.000000e+00  0.000000e+00  0.000000e+00  2.499999e-05  9.999995e-06  3.741656e-03
       6848       6848       6848 4.19921875000000e-01 4.19921875000000e-01 4.19921875000000e-01  1.000000e+00  0.000000e+00  0.000000e+00  0.000000e+00  2.499999e-05  9.999995e-06  3.741656e-03
       6912       6912       6912 4.23828125000000e-01 4.23828125000000e-01 4.23828125000000e-01  1.000000e+00  0.000000e+00  0.000000e+00  0.000000e+00  2.499999e-05  9.999995e-06  3.741656e-03
       6976       6976       6976 4.27734375000000e-01 4.27734375000000e-01 4.27734375000000e-01  1.000000e+00  0.000000e+00  0.000000e+00  0.000000e+00  2.499999e-05  9.999995e-06  3.741656e-03
       7040       7040       7040 4.31640625000000e-01 4.31640625000000e-01 4.31640625000000e-01  1.000000e+00  9.436896e-16  9.436896e-16  9.436896e-16  2.499999e-05  9.999995e-06  3.741656e-03
       7104       7104       7104 4.35546875000000e-01 4.35546875000000e-01 4.35546875000000e-01  1.000000e+00  9.436896e-16  9.436896e-16  9.436896e-16  2.499999e-05  9.999995e-06  3.741656e-03
       9216       9216       9216 5.64453125000000e-01 5.64453125000000e-01 5.64453125000000e-01  1.000000e+00 -9.436896e-16 -9.436896e-16 -9.436896e-16  2.499999e-05  9.999995e-06  3.741656e-03
       9280       9280       9280 5.68359375000000e-01 5.68359375000000e-01 5.68359375000000e-01  1.000000e+00 -9.436896e-16 -9.436896e-16 -9.436896e-16  2.499999e-05  9.999995e-06  3.741656e-03
       9344       9344       9344 5.72265625000000e-01 5.72265625000000e-01 5.72265625000000e-01  1.000000e+00  0.000000e+00  0.000000e+00  0.000000e+00  2.499999e-05  9.999995e-06  3.741656e-03
       9408       9408       9408 5.76171875000000e-01 5.76171875000000e-01 5.76171875000000e-01  1.000000e+00  0.000000e+00  0.000000e+00  0.000000e+00  2.499999e-05  9.999995e-06  3.741656e-03
       9472       9472       9472 5.80078125000000e-01 5.80078125000000e-01 5.80078125000000e-01  1.000000e+00  0.000000e+00  0.000000e+00  0.000000e+00  2.499999e-05  9.999995e-06  3.741656e-03
       9536       9536       9536 5.83984375000000e-01 5.83984375000000e-01 5.83984375000000e-01  1.000000e+00  0.000000e+00  0.000000e+00  0.000000e+00  2.499999e-05  9.999995e-06  3.741656e-03
       9600       9600       9600 5.87890625000000e-01 5.87890625000000e-01 5.87890625000000e-01  1.000000e+00  0.000000e+00  0.000000e+00  0.000000e+00  2.499999e-05  9.999995e-06  3.741656e-03
       9664       9664       9664 5.91796875000000e-01 5.91796875000000e-01 5.91796875000000e-01  1.000000e+00  0.000000e+00  0.000000e+00  0.000000e+00  2.499999e-05  9.999995e-06  3.741656e-03
       9728       9728       9728 5.95703125000000e-01 5.95703125000000e-01 5.95703125000000e-01  1.000000e+00  0.000000e+00  0.000000e+00  0.000000e+00  2.499999e-05  9.999995e-06  3.741656e-03
       9792       9792       9792 5.99609375000000e-01 5.99609375000000e-01 5.99609375000000e-01  1.000000e+00  0.000000e+00  0.000000e+00  0.000000e+00  2.499999e-05  9.999995e-06  3.741656e-03
       9856       9856       9856 6.03515625000000e-01 6.03515625000000e-01 6.03515625000000e-01  1.000000e+00  0.000000e+00  0.000000e+00  0.000000e+00  2.499999e-05  9.999995e-06  3.741656e-03
       9920       9920       9920 6.07421875000000e-01 6.07421875000000e-01 6.07421875000000e-01  1.000000e+00  0.000000e+00  0.000000e+00  0.000000e+00  2.499999e-05  9.999995e-06  3.741656e-03
       9984       9984       9984 6.11328125000000e-01 6.11328125000000e-01 6.11328125000000e-01  1.000000e+00  0.000000e+00  0.000000e+00  0.000000e+00  2.499999e-05  9.999995e-06  3.741656e-03
      10048      10048      10048 6.15234375000000e-01 6.15234375000000e-01 6.15234375000000e-01  1.000000e+00  0.000000e+00  0.000000e+00  0.000000e+00  2.499999e-05  9.999995e-06  3.741656e-03
      10112      10112      10112 6.19140625000000e-01 6.19140625000000e-01 6.19140625000000e-01  1.000000e+00  0.000000e+00  0.000000e+00  0.000000e+00  2.499999e-05  9.999995e-06  3.741656e-03
      10176      10176      10176 6.23046875000000e-01 6.23046875000000e-01 6.23046875000000e-01  1.000000e+00  0.000000e+00  0.000000e+00  0.000000e+00  2.499999e-05  9.999995e-06  3.741656e-03
