#         i          j          k                    x                    y                    z          Dens          MomX          MomY          MomZ          Engy      Pressure   Sound speed
          0          0          0 7.81250000000000e-03 7.81250000000000e-03 7.81250000000000e-03  1.000000e+00  0.000000e+00  0.000000e+00  0.000000e+00  2.499999e-05  9.999995e-06  3.741656e-03
        256        256        256 2.34375000000000e-02 2.34375000000000e-02 2.34375000000000e-02  1.000000e+00  0.000000e+00  0.000000e+00  0.000000e+00  2.499999e-05  9.999995e-06  3.741656e-03
        512        512        512 3.90625000000000e-02 3.90625000000000e-02 3.90625000000000e-02  1.000000e+00  0.000000e+00  0.000000e+00  0.000000e+00  2.499999e-05  9.999995e-06  3.741656e-03
        768        768        768 5.46875000000000e-02 5.46875000000000e-02 5.46875000000000e-02  1.000000e+00  0.000000e+00  0.000000e+00  0.000000e+00  2.499999e-05  9.999995e-06  3.741656e-03
       1024       1024       1024 7.03125000000000e-02 7.03125000000000e-02 7.03125000000000e-02  1.000000e+00  0.000000e+00  0.000000e+00  0.000000e+00  2.499999e-05  9.999995e-06  3.741656e-03
       1280       1280       1280 8.59375000000000e-02 8.59375000000000e-02 8.59375000000000e-02  1.000000e+00  0.000000e+00  0.000000e+00  0.000000e+00  2.499999e-05  9.999995e-06  3.741656e-03
       1536       1536       1536 1.01562500000000e-01 1.01562500000000e-01 1.01562500000000e-01  1.000000e+00  0.000000e+00  0.000000e+00  0.000000e+00  2.499999e-05  9.999995e-06  3.741656e-03
       1792       1792       1792 1.17187500000000e-01 1.17187500000000e-01 1.17187500000000e-01  1.000000e+00  0.000000e+00  0.000000e+00  0.000000e+00  2.499999e-05  9.999995e-06  3.741656e-03
       2048       2048       2048 1.32812500000000e-01 1.32812500000000e-01 1.32812500000000e-01  1.000000e+00  0.000000e+00  0.000000e+00  0.000000e+00  2.499999e-05  9.999995e-06  3.741656e-03
       2304       2304       2304 1.48437500000000e-01 1.48437500000000e-01 1.48437500000000e-01  1.000000e+00  0.000000e+00  0.000000e+00  0.000000e+00  2.499999e-05  9.999995e-06  3.741656e-03
       2560       2560       2560 1.64062500000000e-01 1.64062500000000e-01 1.64062500000000e-01  1.000000e+00  0.000000e+00  0.000000e+00  0.000000e+00  2.499999e-05  9.999995e-06  3.741656e-03
       2816       2816       2816 1.79687500000000e-01 1.79687500000000e-01 1.79687500000000e-01  1.000000e+00  0.000000e+00  0.000000e+00  0.000000e+00  2.499999e-05  9.999995e-06  3.741656e-03
       3072       3072       3072 1.95312500000000e-01 1.95312500000000e-01 1.95312500000000e-01  1.000000e+00  0.000000e+00  0.000000e+00  0.000000e+00  2.499999e-05  9.999995e-06  3.741656e-03
       3328       3328       3328 2.10937500000000e-01 2.10937500000000e-01 2.10937500000000e-01  1.000000e+00  0.000000e+00  0.000000e+00  0.000000e+00  2.499999e-05  9.999995e-06  3.741656e-03
       3584       3584       3584 2.26562500000000e-01 2.26562500000000e-01 2.26562500000000e-01  1.000000e+00  0.000000e+00  0.000000e+00  0.000000e+00  2.499999e-05  9.999995e-06  3.741656e-03
       3840       3840       3840 2.42187500000000e-01 2.42187500000000e-01 2.42187500000000e-01  1.000000e+00  0.000000e+00  0.000000e+00  0.000000e+00  2.499999e-05  9.999995e-06  3.741656e-03
      12288      12288      12288 7.57812500000000e-01 7.57812500000000e-01 7.57812500000000e-01  1.000000e+00  0.000000e+00  0.000000e+00  0.000000e+00  2.499999e-05  9.999995e-06  3.741656e-03
      12544      12544      12544 7.73437500000000e-01 7.73437500000000e-01 7.73437500000000e-01  1.000000e+00  0.000000e+00  0.000000e+00  0.000000e+00  2.499999e-05  9.999995e-06  3.741656e-03
      12800      12800      12800 7.89062500000000e-01 7.89062500000000e-01 7.89062500000000e-01  1.000000e+00  0.000000e+00  0.000000e+00  0.000000e+00  2.499999e-05  9.999995e-06  3.741656e-03
      13056      13056      13056 8.04687500000000e-01 8.04687500000000e-01 8.04687500000000e-01  1.000000e+00  0.000000e+00  0.000000e+00  0.000000e+00  2.499999e-05  9.999995e-06  3.741656e-03
      13312      13312      13312 8.20312500000000e-01 8.20312500000000e-01 8.20312500000000e-01  1.000000e+00  0.000000e+00  0.000000e+00  0.000000e+00  2.499999e-05  9.999995e-06  3.741656e-03
      13568      13568      13568 8.35937500000000e-01 8.35937500000000e-01 8.35937500000000e-01  1.000000e+00  0.000000e+00  0.000000e+00  0.000000e+00  2.499999e-05  9.999995e-06  3.741656e-03
      13824      13824      13824 8.51562500000000e-01 8.51562500000000e-01 8.51562500000000e-01  1.000000e+00  0.000000e+00  0.000000e+00  0.000000e+00  2.499999e-05  9.999995e-06  3.741656e-03
      14080      14080      14080 8.67187500000000e-01 8.67187500000000e-01 8.67187500000000e-01  1.000000e+00  0.000000e+00  0.000000e+00  0.000000e+00  2.499999e-05  9.999995e-06  3.741656e-03
      14336      14336      14336 8.82812500000000e-01 8.82812500000000e-01 8.82812500000000e-01  1.000000e+00  0.000000e+00  0.000000e+00  0.000000e+00  2.499999e-05  9.999995e-06  3.741656e-03
      14592      14592      14592 8.98437500000000e-01 8.98437500000000e-01 8.98437500000000e-01  1.000000e+00  0.000000e+00  0.000000e+00  0.000000e+00  2.499999e-05  9.999995e-06  3.741656e-03
      14848      14848      14848 9.14062500000000e-01 9.14062500000000e-01 9.14062500000000e-01  1.000000e+00  0.000000e+00  0.000000e+00  0.000000e+00  2.499999e-05  9.999995e-06  3.741656e-03
      15104      15104      15104 9.29687500000000e-01 9.29687500000000e-01 9.29687500000000e-01  1.000000e+00  0.000000e+00  0.000000e+00  0.000000e+00  2.499999e-05  9.999995e-06  3.741656e-03
      15360      15360      15360 9.45312500000000e-01 9.45312500000000e-01 9.45312500000000e-01  1.000000e+00  0.000000e+00  0.000000e+00  0.000000e+00  2.499999e-05  9.999995e-06  3.741656e-03
      15616      15616      15616 9.60937500000000e-01 9.60937500000000e-01 9.60937500000000e-01  1.000000e+00  0.000000e+00  0.000000e+00  0.000000e+00  2.499999e-05  9.999995e-06  3.741656e-03
      15872      15872      15872 9.76562500000000e-01 9.76562500000000e-01 9.76562500000000e-01  1.000000e+00  0.000000e+00  0.000000e+00  0.000000e+00  2.499999e-05  9.999995e-06  3.741656e-03
      16128      16128      16128 9.92187500000000e-01 9.92187500000000e-01 9.92187500000000e-01  1.000000e+00  0.000000e+00  0.000000e+00  0.000000e+00  2.499999e-05  9.999995e-06  3.741656e-03
       7168       7168       7168 4.41406250000000e-01 4.41406250000000e-01 4.41406250000000e-01  4.118451e-03 -1.822607e-02 -1.822323e-02 -1.822520e-02  2.915582e+02  1.165749e+02  1.990671e+02
       7296       7296       7296 4.49218750000000e-01 4.49218750000000e-01 4.49218750000000e-01  2.485402e-03 -5.442936e-03 -5.444563e-03 -5.451566e-03  2.911058e+02  1.164351e+02  2.560989e+02
       7424       7424       7424 4.57031250000000e-01 4.57031250000000e-01 4.57031250000000e-01  1.581449e-03 -2.489767e-03 -2.484524e-03 -2.479866e-03  2.909229e+02  1.163668e+02  3.209601e+02
       7552       7552       7552 4.64843750000000e-01 4.64843750000000e-01 4.64843750000000e-01  1.408708e-03 -2.935553e-03 -2.934716e-03 -2.934559e-03  2.907620e+02  1.163011e+02  3.399738e+02
       7680       7680       7680 4.72656250000000e-01 4.72656250000000e-01 4.72656250000000e-01  1.395180e-03 -2.540137e-03 -2.539347e-03 -2.538566e-03  2.906864e+02  1.162718e+02  3.415750e+02
       7808       7808       7808 4.80468750000000e-01 4.80468750000000e-01 4.80468750000000e-01  1.397113e-03 -1.992085e-03 -1.991922e-03 -1.991696e-03  2.906667e+02  1.162650e+02  3.413286e+02
       7936       7936       7936 4.88281250000000e-01 4.88281250000000e-01 4.88281250000000e-01  1.445306e-03 -1.373819e-03 -1.374029e-03 -1.374732e-03  2.906401e+02  1.162553e+02  3.355757e+02
       8064       8064       8064 4.96093750000000e-01 4.96093750000000e-01 4.96093750000000e-01  1.427624e-03 -4.602256e-04 -4.601527e-04 -4.601207e-04  2.906594e+02  1.162637e+02  3.376596e+02
       8192       8192       8192 5.03906250000000e-01 5.03906250000000e-01 5.03906250000000e-01  1.427625e-03  4.603159e-04  4.601676e-04  4.601750e-04  2.906594e+02  1.162637e+02  3.376595e+02
       8320       8320       8320 5.11718750000000e-01 5.11718750000000e-01 5.11718750000000e-01  1.445308e-03  1.373746e-03  1.374019e-03  1.374691e-03  2.906402e+02  1.162553e+02  3.355755e+02
       8448       8448       8448 5.19531250000000e-01 5.19531250000000e-01 5.19531250000000e-01  1.397111e-03  1.992020e-03  1.991896e-03  1.991684e-03  2.906667e+02  1.162650e+02  3.413288e+02
       8576       8576       8576 5.27343750000000e-01 5.27343750000000e-01 5.27343750000000e-01  1.395178e-03  2.540123e-03  2.539305e-03  2.538567e-03  2.906864e+02  1.162718e+02  3.415752e+02
       8704       8704       8704 5.35156250000000e-01 5.35156250000000e-01 5.35156250000000e-01  1.408708e-03  2.935529e-03  2.934746e-03  2.934559e-03  2.907620e+02  1.163011e+02  3.399739e+02
       8832       8832       8832 5.42968750000000e-01 5.42968750000000e-01 5.42968750000000e-01  1.581450e-03  2.489793e-03  2.484489e-03  2.479894e-03  2.909228e+02  1.163668e+02  3.209599e+02
       8960       8960       8960 5.50781250000000e-01 5.50781250000000e-01 5.50781250000000e-01  2.485401e-03  5.442921e-03  5.444570e-03  5.451615e-03  2.911058e+02  1.164351e+02  2.560990e+02
       9088       9088       9088 5.58593750000000e-01 5.58593750000000e-01 5.58593750000000e-01  4.118445e-03  1.822593e-02  1.822316e-02  1.822525e-02  2.915582e+02  1.165749e+02  1.990673e+02
       4096       4096       4096 2.53906250000000e-01 2.53906250000000e-01 2.53906250000000e-01  1.000000e+00  0.000000e+00  0.000000e+00  0.000000e+00  2.499999e-05  9.999995e-06  3.741656e-03
       4224       4224       4224 2.61718750000000e-01 2.61718750000000e-01 2.61718750000000e-01  1.000000e+00  0.000000e+00  0.000000e+00  0.000000e+00  2.499999e-05  9.999995e-06  3.741656e-03
       4352       4352       4352 2.69531250000000e-01 2.69531250000000e-01 2.69531250000000e-01  1.000000e+00  0.000000e+00  0.000000e+00  0.000000e+00  2.499999e-05  9.999995e-06  3.741656e-03
       4480       4480       4480 2.77343750000000e-01 2.77343750000000e-01 2.77343750000000e-01  1.000000e+00  0.000000e+00  0.000000e+00  0.000000e+00  2.499999e-05  9.999995e-06  3.741656e-03
       4608       4608       4608 2.85156250000000e-01 2.85156250000000e-01 2.85156250000000e-01  1.000000e+00  0.000000e+00  0.000000e+00  0.000000e+00  2.499999e-05  9.999995e-06  3.741656e-03
       4736       4736       4736 2.92968750000000e-01 2.92968750000000e-01 2.92968750000000e-01  1.000000e+00  0.000000e+00  0.000000e+00  0.000000e+00  2.499999e-05  9.999995e-06  3.741656e-03
       4864       4864       4864 3.00781250000000e-01 3.00781250000000e-01 3.00781250000000e-01  1.000000e+00  0.000000e+00  0.000000e+00  0.000000e+00  2.499999e-05  9.999995e-06  3.741656e-03
       4992       4992       4992 3.08593750000000e-01 3.08593750000000e-01 3.08593750000000e-01  1.000000e+00  0.000000e+00  0.000000e+00  0.000000e+00  2.499999e-05  9.999995e-06  3.741656e-03
      11264      11264      11264 6.91406250000000e-01 6.91406250000000e-01 6.91406250000000e-01  1.000000e+00  0.000000e+00  0.000000e+00  0.000000e+00  2.499999e-05  9.999995e-06  3.741656e-03
      11392      11392      11392 6.99218750000000e-01 6.99218750000000e-01 6.99218750000000e-01  1.000000e+00  0.000000e+00  0.000000e+00  0.000000e+00  2.499999e-05  9.999995e-06  3.741656e-03
      11520      11520      11520 7.07031250000000e-01 7.07031250000000e-01 7.07031250000000e-01  1.000000e+00  0.000000e+00  0.000000e+00  0.000000e+00  2.499999e-05  9.999995e-06  3.741656e-03
      11648      11648      11648 7.14843750000000e-01 7.14843750000000e-01 7.14843750000000e-01  1.000000e+00  0.000000e+00  0.000000e+00  0.000000e+00  2.499999e-05  9.999995e-06  3.741656e-03
      11776      11776      11776 7.22656250000000e-01 7.22656250000000e-01 7.22656250000000e-01  1.000000e+00  0.000000e+00  0.000000e+00  0.000000e+00  2.499999e-05  9.999995e-06  3.741656e-03
      11904      11904      11904 7.30468750000000e-01 7.30468750000000e-01 7.30468750000000e-01  1.000000e+00  0.000000e+00  0.000000e+00  0.000000e+00  2.499999e-05  9.999995e-06  3.741656e-03
      12032      12032      12032 7.38281250000000e-01 7.38281250000000e-01 7.38281250000000e-01  1.000000e+00  0.000000e+00  0.000000e+00  0.000000e+00  2.499999e-05  9.999995e-06  3.741656e-03
      12160      12160      12160 7.46093750000000e-01 7.46093750000000e-01 7.46093750000000e-01  1.000000e+00  0.000000e+00  0.000000e+00  0.000000e+00  2.499999e-05  9.999995e-06  3.741656e-03
       6144       6144       6144 3.76953125000000e-01 3.76953125000000e-01 3.76953125000000e-01  1.000000e+00  0.000000e+00  0.000000e+00  0.000000e+00  2.499999e-05  9.999995e-06  3.741656e-03
       6208       6208       6208 3.80859375000000e-01 3.80859375000000e-01 3.80859375000000e-01  1.000000e+00  0.000000e+00  0.000000e+00  0.000000e+00  2.499999e-05  9.999995e-06  3.741656e-03
       6272       6272       6272 3.84765625000000e-01 3.84765625000000e-01 3.84765625000000e-01  1.000000e+00  0.000000e+00  0.000000e+00  0.000000e+00  2.499999e-05  9.999995e-06  3.741656e-03
       6336       6336       6336 3.88671875000000e-01 3.88671875000000e-01 3.88671875000000e-01  1.000000e+00  0.000000e+00  0.000000e+00  0.000000e+00  2.499999e-05  9.999995e-06  3.741656e-03
       6400       6400       6400 3.92578125000000e-01 3.92578125000000e-01 3.92578125000000e-01  1.000000e+00 -2.874036e-29 -2.874036e-29 -2.874036e-29  2.499999e-05  9.999995e-06  3.741656e-03
       6464       6464       6464 3.96484375000000e-01 3.96484375000000e-01 3.96484375000000e-01  1.005650e+00 -3.713040e-04 -3.713036e-04 -3.713038e-04  5.497176e-04  2.198048e-04  1.749280e-02
       6528       6528       6528 4.00390625000000e-01 4.00390625000000e-01 4.00390625000000e-01  4.142923e+00 -3.518656e+01 -3.518654e+01 -3.518655e+01  1.059474e+03  2.444824e+02  9.089382e+00
       6592       6592       6592 4.04296875000000e-01 4.04296875000000e-01 4.04296875000000e-01  2.649214e+00 -2.242237e+01 -2.242236e+01 -2.242237e+01  8.115561e+02  2.107557e+02  1.055347e+01
       6656       6656       6656 4.08203125000000e-01 4.08203125000000e-01 4.08203125000000e-01  1.459469e+00 -1.154592e+01 -1.154592e+01 -1.154592e+01  5.697814e+02  1.731084e+02  1.288622e+01
       6720       6720       6720 4.12109375000000e-01 4.12109375000000e-01 4.12109375000000e-01  8.926503e-01 -6.612789e+00 -6.612789e+00 -6.612787e+00  4.503440e+02  1.507449e+02  1.537605e+01
       6784       6784       6784 4.16015625000000e-01 4.16015625000000e-01 4.16015625000000e-01  5.745147e-01 -3.970778e+00 -3.970778e+00 -3.970780e+00  3.846727e+02  1.374026e+02  1.829831e+01
       6848       6848       6848 4.19921875000000e-01 4.19921875000000e-01 4.19921875000000e-01  3.851910e-01 -2.488576e+00 -2.488577e+00 -2.488576e+00  3.463996e+02  1.289132e+02  2.164585e+01
       6912       6912       6912 4.23828125000000e-01 4.23828125000000e-01 4.23828125000000e-01  2.684382e-01 -1.620982e+00 -1.620981e+00 -1.620980e+00  3.238650e+02  1.236730e+02  2.539681e+01
       6976       6976       6976 4.27734375000000e-01 4.27734375000000e-01 4.27734375000000e-01  1.872943e-01 -1.075230e+00 -1.075233e+00 -1.075232e+00  3.100237e+02  1.203058e+02  2.998783e+01
       7040       7040       7040 4.31640625000000e-01 4.31640625000000e-01 4.31640625000000e-01  1.252893e-01 -6.961085e-01 -6.961237e-01 -6.961440e-01  3.014696e+02  1.182672e+02  3.635291e+01
       7104       7104       7104 4.35546875000000e-01 4.35546875000000e-01 4.35546875000000e-01  5.988353e-02 -3.432492e-01 -3.432831e-01 -3.432409e-01  2.952792e+02  1.169311e+02  5.228479e+01
       9216       9216       9216 5.64453125000000e-01 5.64453125000000e-01 5.64453125000000e-01  5.988353e-02  3.432488e-01  3.432832e-01  3.432403e-01  2.952791e+02  1.169311e+02  5.228479e+01
       9280       9280       9280 5.68359375000000e-01 5.68359375000000e-01 5.68359375000000e-01  1.252891e-01  6.961080e-01  6.961209e-01  6.961421e-01  3.014697e+02  1.182672e+02  3.635294e+01
       9344       9344       9344 5.72265625000000e-01 5.72265625000000e-01 5.72265625000000e-01  1.872943e-01  1.075231e+00  1.075231e+00  1.075232e+00  3.100237e+02  1.203058e+02  2.998783e+01
       9408       9408       9408 5.76171875000000e-01 5.76171875000000e-01 5.76171875000000e-01  2.684377e-01  1.620977e+00  1.620977e+00  1.620976e+00  3.238650e+02  1.236730e+02  2.539684e+01
       9472       9472       9472 5.80078125000000e-01 5.80078125000000e-01 5.80078125000000e-01  3.851915e-01  2.488581e+00  2.488580e+00  2.488578e+00  3.463995e+02  1.289131e+02  2.164583e+01
       9536       9536       9536 5.83984375000000e-01 5.83984375000000e-01 5.83984375000000e-01  5.745140e-01  3.970776e+00  3.970778e+00  3.970776e+00  3.846725e+02  1.374025e+02  1.829831e+01
       9600       9600       9600 5.87890625000000e-01 5.87890625000000e-01 5.87890625000000e-01  8.926493e-01  6.612777e+00  6.612782e+00  6.612781e+00  4.503437e+02  1.507449e+02  1.537605e+01
       9664       9664       9664 5.91796875000000e-01 5.91796875000000e-01 5.91796875000000e-01  1.459470e+00  1.154593e+01  1.154593e+01  1.154593e+01  5.697818e+02  1.731085e+02  1.288622e+01
       9728       9728       9728 5.95703125000000e-01 5.95703125000000e-01 5.95703125000000e-01  2.649215e+00  2.242236e+01  2.242237e+01  2.242237e+01  8.115564e+02  2.107558e+02  1.055347e+01
       9792       9792       9792 5.99609375000000e-01 5.99609375000000e-01 5.99609375000000e-01  4.142924e+00  3.518657e+01  3.518656e+01  3.518657e+01  1.059475e+03  2.444825e+02  9.089384e+00
       9856       9856       9856 6.03515625000000e-01 6.03515625000000e-01 6.03515625000000e-01  1.005650e+00  3.713053e-04  3.713055e-04  3.713054e-04  5.497208e-04  2.198061e-04  1.749285e-02
       9920       9920       9920 6.07421875000000e-01 6.07421875000000e-01 6.07421875000000e-01  1.000000e+00  2.874036e-29  2.874036e-29  2.874036e-29  2.499999e-05  9.999995e-06  3.741656e-03
       9984       9984       9984 6.11328125000000e-01 6.11328125000000e-01 6.11328125000000e-01  1.000000e+00  0.000000e+00  0.000000e+00  0.000000e+00  2.499999e-05  9.999995e-06  3.741656e-03
      10048      10048      10048 6.15234375000000e-01 6.15234375000000e-01 6.15234375000000e-01  1.000000e+00  0.000000e+00  0.000000e+00  0.000000e+00  2.499999e-05  9.999995e-06  3.741656e-03
      10112      10112      10112 6.19140625000000e-01 6.19140625000000e-01 6.19140625000000e-01  1.000000e+00  0.000000e+00  0.000000e+00  0.000000e+00  2.499999e-05  9.999995e-06  3.741656e-03
      10176      10176      10176 6.23046875000000e-01 6.23046875000000e-01 6.23046875000000e-01  1.000000e+00  0.000000e+00  0.000000e+00  0.000000e+00  2.499999e-05  9.999995e-06  3.741656e-03
       5120       5120       5120 3.14453125000000e-01 3.14453125000000e-01 3.14453125000000e-01  1.000000e+00  0.000000e+00  0.000000e+00  0.000000e+00  2.499999e-05  9.999995e-06  3.741656e-03
       5184       5184       5184 3.18359375000000e-01 3.18359375000000e-01 3.18359375000000e-01  1.000000e+00  0.000000e+00  0.000000e+00  0.000000e+00  2.499999e-05  9.999995e-06  3.741656e-03
       5248       5248       5248 3.22265625000000e-01 3.22265625000000e-01 3.22265625000000e-01  1.000000e+00  0.000000e+00  0.000000e+00  0.000000e+00  2.499999e-05  9.999995e-06  3.741656e-03
       5312       5312       5312 3.26171875000000e-01 3.26171875000000e-01 3.26171875000000e-01  1.000000e+00  0.000000e+00  0.000000e+00  0.000000e+00  2.499999e-05  9.999995e-06  3.741656e-03
       5376       5376       5376 3.30078125000000e-01 3.30078125000000e-01 3.30078125000000e-01  1.000000e+00  0.000000e+00  0.000000e+00  0.000000e+00  2.499999e-05  9.999995e-06  3.741656e-03
       5440       5440       5440 3.33984375000000e-01 3.33984375000000e-01 3.33984375000000e-01  1.000000e+00  0.000000e+00  0.000000e+00  0.000000e+00  2.499999e-05  9.999995e-06  3.741656e-03
       5504       5504       5504 3.37890625000000e-01 3.37890625000000e-01 3.37890625000000e-01  1.000000e+00  0.000000e+00  0.000000e+00  0.000000e+00  2.499999e-05  9.999995e-06  3.741656e-03
       5568       5568       5568 3.41796875000000e-01 3.41796875000000e-01 3.41796875000000e-01  1.000000e+00  0.000000e+00  0.000000e+00  0.000000e+00  2.499999e-05  9.999995e-06  3.741656e-03
       5632       5632       5632 3.45703125000000e-01 3.45703125000000e-01 3.45703125000000e-01  1.000000e+00  0.000000e+00  0.000000e+00  0.000000e+00  2.499999e-05  9.999995e-06  3.741656e-03
       5696       5696       5696 3.49609375000000e-01 3.49609375000000e-01 3.49609375000000e-01  1.000000e+00  0.000000e+00  0.000000e+00  0.000000e+00  2.499999e-05  9.999995e-06  3.741656e-03
       5760       5760       5760 3.53515625000000e-01 3.53515625000000e-01 3.53515625000000e-01  1.000000e+00  0.000000e+00  0.000000e+00  0.000000e+00  2.499999e-05  9.999995e-06  3.741656e-03
       5824       5824       5824 3.57421875000000e-01 3.57421875000000e-01 3.57421875000000e-01  1.000000e+00  0.000000e+00  0.000000e+00  0.000000e+00  2.499999e-05  9.999995e-06  3.741656e-03
       5888       5888       5888 3.61328125000000e-01 3.61328125000000e-01 3.61328125000000e-01  1.000000e+00 -1.110223e-16 -1.110223e-16 -1.110223e-16  2.499999e-05  9.999995e-06  3.741656e-03
       5952       5952       5952 3.65234375000000e-01 3.65234375000000e-01 3.65234375000000e-01  1.000000e+00 -3.330669e-16 -3.330669e-16 -3.330669e-16  2.499999e-05  9.999995e-06  3.741656e-03
       6016       6016       6016 3.69140625000000e-01 3.69140625000000e-01 3.69140625000000e-01  1.000000e+00 -3.275158e-15 -3.275158e-15 -3.275158e-15  2.499999e-05  9.999995e-06  3.741656e-03
       6080       6080       6080 3.73046875000000e-01 3.73046875000000e-01 3.73046875000000e-01  1.000000e+00 -3.275158e-15 -3.275158e-15 -3.275158e-15  2.499999e-05  9.999995e-06  3.741656e-03
      10240      10240      10240 6.26953125000000e-01 6.26953125000000e-01 6.26953125000000e-01  1.000000e+00  3.275158e-15  3.275158e-15  3.275158e-15  2.499999e-05  9.999995e-06  3.741656e-03
      10304      10304      10304 6.30859375000000e-01 6.30859375000000e-01 6.30859375000000e-01  1.000000e+00  3.275158e-15  3.275158e-15  3.275158e-15  2.499999e-05  9.999995e-06  3.741656e-03
      10368      10368      10368 6.34765625000000e-01 6.34765625000000e-01 6.34765625000000e-01  1.000000e+00  3.330669e-16  3.330669e-16  3.330669e-16  2.499999e-05  9.999995e-06  3.741656e-03
      10432      10432      10432 6.38671875000000e-01 6.38671875000000e-01 6.38671875000000e-01  1.000000e+00  1.110223e-16  1.110223e-16  1.110223e-16  2.499999e-05  9.999995e-06  3.741656e-03
      10496      10496      10496 6.42578125000000e-01 6.42578125000000e-01 6.42578125000000e-01  1.000000e+00  0.000000e+00  0.000000e+00  0.000000e+00  2.499999e-05  9.999995e-06  3.741656e-03
      10560      10560      10560 6.46484375000000e-01 6.46484375000000e-01 6.46484375000000e-01  1.000000e+00  0.000000e+00  0.000000e+00  0.000000e+00  2.499999e-05  9.999995e-06  3.741656e-03
      10624      10624      10624 6.50390625000000e-01 6.50390625000000e-01 6.50390625000000e-01  1.000000e+00  0.000000e+00  0.000000e+00  0.000000e+00  2.499999e-05  9.999995e-06  3.741656e-03
      10688      10688      10688 6.54296875000000e-01 6.54296875000000e-01 6.54296875000000e-01  1.000000e+00  0.000000e+00  0.000000e+00  0.000000e+00  2.499999e-05  9.999995e-06  3.741656e-03
      10752      10752      10752 6.58203125000000e-01 6.58203125000000e-01 6.58203125000000e-01  1.000000e+00  0.000000e+00  0.000000e+00  0.000000e+00  2.499999e-05  9.999995e-06  3.741656e-03
      10816      10816      10816 6.62109375000000e-01 6.62109375000000e-01 6.62109375000000e-01  1.000000e+00  0.000000e+00  0.000000e+00  0.000000e+00  2.499999e-05  9.999995e-06  3.741656e-03
      10880      10880      10880 6.66015625000000e-01 6.66015625000000e-01 6.66015625000000e-01  1.000000e+00  0.000000e+00  0.000000e+00  0.000000e+00  2.499999e-05  9.999995e-06  3.741656e-03
      10944      10944      10944 6.69921875000000e-01 6.69921875000000e-01 6.69921875000000e-01  1.000000e+00  0.000000e+00  0.000000e+00  0.000000e+00  2.499999e-05  9.999995e-06  3.741656e-03
      11008      11008      11008 6.73828125000000e-01 6.73828125000000e-01 6.73828125000000e-01  1.000000e+00  0.000000e+00  0.000000e+00  0.000000e+00  2.499999e-05  9.999995e-06  3.741656e-03
      11072      11072      11072 6.77734375000000e-01 6.77734375000000e-01 6.77734375000000e-01  1.000000e+00  0.000000e+00  0.000000e+00  0.000000e+00  2.499999e-05  9.999995e-06  3.741656e-03
      11136      11136      11136 6.81640625000000e-01 6.81640625000000e-01 6.81640625000000e-01  1.000000e+00  0.000000e+00  0.000000e+00  0.000000e+00  2.499999e-05  9.999995e-06  3.741656e-03
      11200      11200      11200 6.85546875000000e-01 6.85546875000000e-01 6.85546875000000e-01  1.000000e+00  0.000000e+00  0.000000e+00  0.000000e+00  2.499999e-05  9.999995e-06  3.741656e-03
