#         i          j          k                    x                    y                    z          Dens          MomX          MomY          MomZ          Engy      Pressure   Sound speed
          0          0          0 7.81250000000000e-03 7.81250000000000e-03 7.81250000000000e-03  1.000000e+00  0.000000e+00  0.000000e+00  0.000000e+00  2.499999e-05  9.999995e-06  3.741656e-03
        256        256        256 2.34375000000000e-02 2.34375000000000e-02 2.34375000000000e-02  1.000000e+00  0.000000e+00  0.000000e+00  0.000000e+00  2.499999e-05  9.999995e-06  3.741656e-03
        512        512        512 3.90625000000000e-02 3.90625000000000e-02 3.90625000000000e-02  1.000000e+00  0.000000e+00  0.000000e+00  0.000000e+00  2.499999e-05  9.999995e-06  3.741656e-03
        768        768        768 5.46875000000000e-02 5.46875000000000e-02 5.46875000000000e-02  1.000000e+00  0.000000e+00  0.000000e+00  0.000000e+00  2.499999e-05  9.999995e-06  3.741656e-03
       1024       1024       1024 7.03125000000000e-02 7.03125000000000e-02 7.03125000000000e-02  1.000000e+00  0.000000e+00  0.000000e+00  0.000000e+00  2.499999e-05  9.999995e-06  3.741656e-03
       1280       1280       1280 8.59375000000000e-02 8.59375000000000e-02 8.59375000000000e-02  1.000000e+00  0.000000e+00  0.000000e+00  0.000000e+00  2.499999e-05  9.999995e-06  3.741656e-03
       1536       1536       1536 1.01562500000000e-01 1.01562500000000e-01 1.01562500000000e-01  1.000000e+00  0.000000e+00  0.000000e+00  0.000000e+00  2.499999e-05  9.999995e-06  3.741656e-03
       1792       1792       1792 1.17187500000000e-01 1.17187500000000e-01 1.17187500000000e-01  1.000000e+00  0.000000e+00  0.000000e+00  0.000000e+00  2.499999e-05  9.999995e-06  3.741656e-03
       2048       2048       2048 1.32812500000000e-01 1.32812500000000e-01 1.32812500000000e-01  1.000000e+00  0.000000e+00  0.000000e+00  0.000000e+00  2.499999e-05  9.999995e-06  3.741656e-03
       2304       2304       2304 1.48437500000000e-01 1.48437500000000e-01 1.48437500000000e-01  1.000000e+00  0.000000e+00  0.000000e+00  0.000000e+00  2.499999e-05  9.999995e-06  3.741656e-03
       2560       2560       2560 1.64062500000000e-01 1.64062500000000e-01 1.64062500000000e-01  1.000000e+00  0.000000e+00  0.000000e+00  0.000000e+00  2.499999e-05  9.999995e-06  3.741656e-03
       2816       2816       2816 1.79687500000000e-01 1.79687500000000e-01 1.79687500000000e-01  1.000000e+00  0.000000e+00  0.000000e+00  0.000000e+00  2.499999e-05  9.999995e-06  3.741656e-03
       3072       3072       3072 1.95312500000000e-01 1.95312500000000e-01 1.95312500000000e-01  1.000000e+00  0.000000e+00  0.000000e+00  0.000000e+00  2.499999e-05  9.999995e-06  3.741656e-03
       3328       3328       3328 2.10937500000000e-01 2.10937500000000e-01 2.10937500000000e-01  1.000000e+00  0.000000e+00  0.000000e+00  0.000000e+00  2.499999e-05  9.999995e-06  3.741656e-03
       3584       3584       3584 2.26562500000000e-01 2.26562500000000e-01 2.26562500000000e-01  1.000000e+00  0.000000e+00  0.000000e+00  0.000000e+00  2.499999e-05  9.999995e-06  3.741656e-03
       3840       3840       3840 2.42187500000000e-01 2.42187500000000e-01 2.42187500000000e-01  1.000000e+00  0.000000e+00  0.000000e+00  0.000000e+00  2.499999e-05  9.999995e-06  3.741656e-03
      12288      12288      12288 7.57812500000000e-01 7.57812500000000e-01 7.57812500000000e-01  1.000000e+00  0.000000e+00  0.000000e+00  0.000000e+00  2.499999e-05  9.999995e-06  3.741656e-03
      12544      12544      12544 7.73437500000000e-01 7.73437500000000e-01 7.73437500000000e-01  1.000000e+00  0.000000e+00  0.000000e+00  0.000000e+00  2.499999e-05  9.999995e-06  3.741656e-03
      12800      12800      12800 7.89062500000000e-01 7.89062500000000e-01 7.89062500000000e-01  1.000000e+00  0.000000e+00  0.000000e+00  0.000000e+00  2.499999e-05  9.999995e-06  3.741656e-03
      13056      13056      13056 8.04687500000000e-01 8.04687500000000e-01 8.04687500000000e-01  1.000000e+00  0.000000e+00  0.000000e+00  0.000000e+00  2.499999e-05  9.999995e-06  3.741656e-03
      13312      13312      13312 8.20312500000000e-01 8.20312500000000e-01 8.20312500000000e-01  1.000000e+00  0.000000e+00  0.000000e+00  0.000000e+00  2.499999e-05  9.999995e-06  3.741656e-03
      13568      13568      13568 8.35937500000000e-01 8.35937500000000e-01 8.35937500000000e-01  1.000000e+00  0.000000e+00  0.000000e+00  0.000000e+00  2.499999e-05  9.999995e-06  3.741656e-03
      13824      13824      13824 8.51562500000000e-01 8.51562500000000e-01 8.51562500000000e-01  1.000000e+00  0.000000e+00  0.000000e+00  0.000000e+00  2.499999e-05  9.999995e-06  3.741656e-03
      14080      14080      14080 8.67187500000000e-01 8.67187500000000e-01 8.67187500000000e-01  1.000000e+00  0.000000e+00  0.000000e+00  0.000000e+00  2.499999e-05  9.999995e-06  3.741656e-03
      14336      14336      14336 8.82812500000000e-01 8.82812500000000e-01 8.82812500000000e-01  1.000000e+00  0.000000e+00  0.000000e+00  0.000000e+00  2.499999e-05  9.999995e-06  3.741656e-03
      14592      14592      14592 8.98437500000000e-01 8.98437500000000e-01 8.98437500000000e-01  1.000000e+00  0.000000e+00  0.000000e+00  0.000000e+00  2.499999e-05  9.999995e-06  3.741656e-03
      14848      14848      14848 9.14062500000000e-01 9.14062500000000e-01 9.14062500000000e-01  1.000000e+00  0.000000e+00  0.000000e+00  0.000000e+00  2.499999e-05  9.999995e-06  3.741656e-03
      15104      15104      15104 9.29687500000000e-01 9.29687500000000e-01 9.29687500000000e-01  1.000000e+00  0.000000e+00  0.000000e+00  0.000000e+00  2.499999e-05  9.999995e-06  3.741656e-03
      15360      15360      15360 9.45312500000000e-01 9.45312500000000e-01 9.45312500000000e-01  1.000000e+00  0.000000e+00  0.000000e+00  0.000000e+00  2.499999e-05  9.999995e-06  3.741656e-03
      15616      15616      15616 9.60937500000000e-01 9.60937500000000e-01 9.60937500000000e-01  1.000000e+00  0.000000e+00  0.000000e+00  0.000000e+00  2.499999e-05  9.999995e-06  3.741656e-03
      15872      15872      15872 9.76562500000000e-01 9.76562500000000e-01 9.76562500000000e-01  1.000000e+00  0.000000e+00  0.000000e+00  0.000000e+00  2.499999e-05  9.999995e-06  3.741656e-03
      16128      16128      16128 9.92187500000000e-01 9.92187500000000e-01 9.92187500000000e-01  1.000000e+00  0.000000e+00  0.000000e+00  0.000000e+00  2.499999e-05  9.999995e-06  3.741656e-03
       4096       4096       4096 2.53906250000000e-01 2.53906250000000e-01 2.53906250000000e-01  1.000000e+00  0.000000e+00  0.000000e+00  0.000000e+00  2.499999e-05  9.999995e-06  3.741656e-03
       4224       4224       4224 2.61718750000000e-01 2.61718750000000e-01 2.61718750000000e-01  1.000000e+00  0.000000e+00  0.000000e+00  0.000000e+00  2.499999e-05  9.999995e-06  3.741656e-03
       4352       4352       4352 2.69531250000000e-01 2.69531250000000e-01 2.69531250000000e-01  1.000000e+00  0.000000e+00  0.000000e+00  0.000000e+00  2.499999e-05  9.999995e-06  3.741656e-03
       4480       4480       4480 2.77343750000000e-01 2.77343750000000e-01 2.77343750000000e-01  1.000000e+00  0.000000e+00  0.000000e+00  0.000000e+00  2.499999e-05  9.999995e-06  3.741656e-03
       4608       4608       4608 2.85156250000000e-01 2.85156250000000e-01 2.85156250000000e-01  1.000000e+00  0.000000e+00  0.000000e+00  0.000000e+00  2.499999e-05  9.999995e-06  3.741656e-03
       4736       4736       4736 2.92968750000000e-01 2.92968750000000e-01 2.92968750000000e-01  1.000000e+00  0.000000e+00  0.000000e+00  0.000000e+00  2.499999e-05  9.999995e-06  3.741656e-03
       4864       4864       4864 3.00781250000000e-01 3.00781250000000e-01 3.00781250000000e-01  1.000000e+00  0.000000e+00  0.000000e+00  0.000000e+00  2.499999e-05  9.999995e-06  3.741656e-03
       4992       4992       4992 3.08593750000000e-01 3.08593750000000e-01 3.08593750000000e-01  1.000000e+00  0.000000e+00  0.000000e+00  0.000000e+00  2.499999e-05  9.999995e-06  3.741656e-03
      11264      11264      11264 6.91406250000000e-01 6.91406250000000e-01 6.91406250000000e-01  1.000000e+00  0.000000e+00  0.000000e+00  0.000000e+00  2.499999e-05  9.999995e-06  3.741656e-03
      11392      11392      11392 6.99218750000000e-01 6.99218750000000e-01 6.99218750000000e-01  1.000000e+00  0.000000e+00  0.000000e+00  0.000000e+00  2.499999e-05  9.999995e-06  3.741656e-03
      11520      11520      11520 7.07031250000000e-01 7.07031250000000e-01 7.07031250000000e-01  1.000000e+00  0.000000e+00  0.000000e+00  0.000000e+00  2.499999e-05  9.999995e-06  3.741656e-03
      11648      11648      11648 7.14843750000000e-01 7.14843750000000e-01 7.14843750000000e-01  1.000000e+00  0.000000e+00  0.000000e+00  0.000000e+00  2.499999e-05  9.999995e-06  3.741656e-03
      11776      11776      11776 7.22656250000000e-01 7.22656250000000e-01 7.22656250000000e-01  1.000000e+00  0.000000e+00  0.000000e+00  0.000000e+00  2.499999e-05  9.999995e-06  3.741656e-03
      11904      11904      11904 7.30468750000000e-01 7.30468750000000e-01 7.30468750000000e-01  1.000000e+00  0.000000e+00  0.000000e+00  0.000000e+00  2.499999e-05  9.999995e-06  3.741656e-03
      12032      12032      12032 7.38281250000000e-01 7.38281250000000e-01 7.38281250000000e-01  1.000000e+00  0.000000e+00  0.000000e+00  0.000000e+00  2.499999e-05  9.999995e-06  3.741656e-03
      12160      12160      12160 7.46093750000000e-01 7.46093750000000e-01 7.46093750000000e-01  1.000000e+00  0.000000e+00  0.000000e+00  0.000000e+00  2.499999e-05  9.999995e-06  3.741656e-03
       7168       7168       7168 4.39453125000000e-01 4.39453125000000e-01 4.39453125000000e-01  1.355120e-01 -9.553734e-01 -9.553706e-01 -9.553723e-01  4.526718e+02  1.770275e+02  4.276569e+01
       7232       7232       7232 4.43359375000000e-01 4.43359375000000e-01 4.43359375000000e-01  4.346492e-02 -3.159679e-01 -3.159677e-01 -3.159676e-01  4.398692e+02  1.745695e+02  7.498576e+01
       7296       7296       7296 4.47265625000000e-01 4.47265625000000e-01 4.47265625000000e-01  4.340013e-03 -2.686586e-02 -2.686595e-02 -2.686579e-02  4.355934e+02  1.741376e+02  2.370090e+02
       7360       7360       7360 4.51171875000000e-01 4.51171875000000e-01 4.51171875000000e-01  3.447604e-03 -1.515988e-02 -1.516005e-02 -1.515994e-02  4.351616e+02  1.740246e+02  2.658341e+02
       7424       7424       7424 4.55078125000000e-01 4.55078125000000e-01 4.55078125000000e-01  2.875338e-03 -1.025706e-02 -1.025707e-02 -1.025712e-02  4.349483e+02  1.739574e+02  2.910322e+02
       7488       7488       7488 4.58984375000000e-01 4.58984375000000e-01 4.58984375000000e-01  2.119587e-03 -6.736309e-03 -6.736292e-03 -6.736277e-03  4.347375e+02  1.738822e+02  3.388956e+02
       7552       7552       7552 4.62890625000000e-01 4.62890625000000e-01 4.62890625000000e-01  1.907348e-03 -6.933169e-03 -6.933268e-03 -6.933256e-03  4.345830e+02  1.738181e+02  3.571877e+02
       7616       7616       7616 4.66796875000000e-01 4.66796875000000e-01 4.66796875000000e-01  1.872676e-03 -6.945775e-03 -6.945804e-03 -6.945690e-03  4.344578e+02  1.737677e+02  3.604268e+02
       7680       7680       7680 4.70703125000000e-01 4.70703125000000e-01 4.70703125000000e-01  1.861909e-03 -6.051576e-03 -6.051637e-03 -6.051568e-03  4.343354e+02  1.737223e+02  3.614204e+02
       7744       7744       7744 4.74609375000000e-01 4.74609375000000e-01 4.74609375000000e-01  1.857038e-03 -4.538829e-03 -4.538813e-03 -4.538786e-03  4.342361e+02  1.736878e+02  3.618581e+02
       7808       7808       7808 4.78515625000000e-01 4.78515625000000e-01 4.78515625000000e-01  1.855981e-03 -3.529057e-03 -3.529088e-03 -3.529016e-03  4.341783e+02  1.736673e+02  3.619397e+02
       7872       7872       7872 4.82421875000000e-01 4.82421875000000e-01 4.82421875000000e-01  1.858554e-03 -2.823228e-03 -2.823189e-03 -2.823139e-03  4.341334e+02  1.736508e+02  3.616719e+02
       7936       7936       7936 4.86328125000000e-01 4.86328125000000e-01 4.86328125000000e-01  1.895362e-03 -2.093880e-03 -2.093902e-03 -2.093837e-03  4.341004e+02  1.736388e+02  3.581305e+02
       8000       8000       8000 4.90234375000000e-01 4.90234375000000e-01 4.90234375000000e-01  1.928236e-03 -1.562555e-03 -1.562593e-03 -1.562714e-03  4.340682e+02  1.736265e+02  3.550520e+02
       8064       8064       8064 4.94140625000000e-01 4.94140625000000e-01 4.94140625000000e-01  1.901296e-03 -1.118046e-03 -1.118041e-03 -1.118017e-03  4.340433e+02  1.736169e+02  3.575487e+02
       8128       8128       8128 4.98046875000000e-01 4.98046875000000e-01 4.98046875000000e-01  1.901021e-03 -4.214229e-04 -4.214749e-04 -4.214323e-04  4.340039e+02  1.736015e+02  3.575587e+02
       8192       8192       8192 5.01953125000000e-01 5.01953125000000e-01 5.01953125000000e-01  1.901022e-03  4.214123e-04  4.213695e-04  4.214318e-04  4.340039e+02  1.736015e+02  3.575586e+02
       8256       8256       8256 5.05859375000000e-01 5.05859375000000e-01 5.05859375000000e-01  1.901294e-03  1.118041e-03  1.117986e-03  1.118051e-03  4.340433e+02  1.736169e+02  3.575489e+02
       8320       8320       8320 5.09765625000000e-01 5.09765625000000e-01 5.09765625000000e-01  1.928236e-03  1.562506e-03  1.562576e-03  1.562589e-03  4.340682e+02  1.736265e+02  3.550519e+02
       8384       8384       8384 5.13671875000000e-01 5.13671875000000e-01 5.13671875000000e-01  1.895364e-03  2.093894e-03  2.093947e-03  2.093860e-03  4.341004e+02  1.736388e+02  3.581303e+02
       8448       8448       8448 5.17578125000000e-01 5.17578125000000e-01 5.17578125000000e-01  1.858549e-03  2.823170e-03  2.823214e-03  2.823063e-03  4.341335e+02  1.736508e+02  3.616724e+02
       8512       8512       8512 5.21484375000000e-01 5.21484375000000e-01 5.21484375000000e-01  1.855979e-03  3.529079e-03  3.529105e-03  3.529008e-03  4.341783e+02  1.736673e+02  3.619399e+02
       8576       8576       8576 5.25390625000000e-01 5.25390625000000e-01 5.25390625000000e-01  1.857036e-03  4.538796e-03  4.538781e-03  4.538740e-03  4.342361e+02  1.736878e+02  3.618583e+02
       8640       8640       8640 5.29296875000000e-01 5.29296875000000e-01 5.29296875000000e-01  1.861907e-03  6.051597e-03  6.051564e-03  6.051635e-03  4.343354e+02  1.737223e+02  3.614206e+02
       8704       8704       8704 5.33203125000000e-01 5.33203125000000e-01 5.33203125000000e-01  1.872675e-03  6.945806e-03  6.945669e-03  6.945725e-03  4.344578e+02  1.737677e+02  3.604269e+02
       8768       8768       8768 5.37109375000000e-01 5.37109375000000e-01 5.37109375000000e-01  1.907347e-03  6.933251e-03  6.933206e-03  6.933181e-03  4.345830e+02  1.738181e+02  3.571878e+02
       8832       8832       8832 5.41015625000000e-01 5.41015625000000e-01 5.41015625000000e-01  2.119587e-03  6.736271e-03  6.736235e-03  6.736281e-03  4.347375e+02  1.738822e+02  3.388956e+02
       8896       8896       8896 5.44921875000000e-01 5.44921875000000e-01 5.44921875000000e-01  2.875337e-03  1.025712e-02  1.025721e-02  1.025708e-02  4.349482e+02  1.739574e+02  2.910322e+02
       8960       8960       8960 5.48828125000000e-01 5.48828125000000e-01 5.48828125000000e-01  3.447603e-03  1.515986e-02  1.515999e-02  1.516002e-02  4.351615e+02  1.740246e+02  2.658341e+02
       9024       9024       9024 5.52734375000000e-01 5.52734375000000e-01 5.52734375000000e-01  4.340012e-03  2.686588e-02  2.686568e-02  2.686590e-02  4.355934e+02  1.741376e+02  2.370090e+02
       9088       9088       9088 5.56640625000000e-01 5.56640625000000e-01 5.56640625000000e-01  4.346481e-02  3.159674e-01  3.159670e-01  3.159672e-01  4.398692e+02  1.745695e+02  7.498586e+01
       9152       9152       9152 5.60546875000000e-01 5.60546875000000e-01 5.60546875000000e-01  1.355119e-01  9.553706e-01  9.553717e-01  9.553685e-01  4.526718e+02  1.770275e+02  4.276571e+01
       6144       6144       6144 3.76953125000000e-01 3.76953125000000e-01 3.76953125000000e-01  1.000000e+00  0.000000e+00  0.000000e+00  0.000000e+00  2.499999e-05  9.999995e-06  3.741656e-03
       6208       6208       6208 3.80859375000000e-01 3.80859375000000e-01 3.80859375000000e-01  1.000000e+00  0.000000e+00  0.000000e+00  0.000000e+00  2.499999e-05  9.999995e-06  3.741656e-03
       6272       6272       6272 3.84765625000000e-01 3.84765625000000e-01 3.84765625000000e-01  1.000000e+00  0.000000e+00  0.000000e+00  0.000000e+00  2.499999e-05  9.999995e-06  3.741656e-03
       6336       6336       6336 3.88671875000000e-01 3.88671875000000e-01 3.88671875000000e-01  1.000000e+00  0.000000e+00  0.000000e+00  0.000000e+00  2.499999e-05  9.999995e-06  3.741656e-03
       6400       6400       6400 3.92578125000000e-01 3.92578125000000e-01 3.92578125000000e-01  1.000000e+00  0.000000e+00  0.000000e+00  0.000000e+00  2.499999e-05  9.999995e-06  3.741656e-03
       6464       6464       6464 3.96484375000000e-01 3.96484375000000e-01 3.96484375000000e-01  1.000000e+00  0.000000e+00  0.000000e+00  0.000000e+00  2.499999e-05  9.999995e-06  3.741656e-03
       6528       6528       6528 4.00390625000000e-01 4.00390625000000e-01 4.00390625000000e-01  1.000000e+00  0.000000e+00  0.000000e+00  0.000000e+00  2.499999e-05  9.999995e-06  3.741656e-03
       6592       6592       6592 4.04296875000000e-01 4.04296875000000e-01 4.04296875000000e-01  1.000000e+00  0.000000e+00  0.000000e+00  0.000000e+00  2.499999e-05  9.999995e-06  3.741656e-03
       6656       6656       6656 4.08203125000000e-01 4.08203125000000e-01 4.08203125000000e-01  1.000316e+00 -2.034772e-06 -2.034769e-06 -2.034769e-06  2.532348e-05  1.012939e-05  3.765192e-03
       6720       6720       6720 4.12109375000000e-01 4.12109375000000e-01 4.12109375000000e-01  2.764905e+00 -1.877738e+01 -1.877736e+01 -1.877737e+01  6.002804e+02  1.635982e+02  9.101504e+00
       6784       6784       6784 4.16015625000000e-01 4.16015625000000e-01 4.16015625000000e-01  3.031578e+00 -3.298521e+01 -3.298522e+01 -3.298523e+01  1.417304e+03  3.515834e+02  1.274218e+01
       6848       6848       6848 4.19921875000000e-01 4.19921875000000e-01 4.19921875000000e-01  1.414709e+00 -1.391773e+01 -1.391773e+01 -1.391773e+01  8.601514e+02  2.619080e+02  1.609922e+01
       6912       6912       6912 4.23828125000000e-01 4.23828125000000e-01 4.23828125000000e-01  8.111023e-01 -7.315403e+00 -7.315402e+00 -7.315407e+00  6.557410e+02  2.227095e+02  1.960630e+01
       6976       6976       6976 4.27734375000000e-01 4.27734375000000e-01 4.27734375000000e-01  5.027320e-01 -4.180925e+00 -4.180924e+00 -4.180923e+00  5.550261e+02  2.011483e+02  2.366758e+01
       7040       7040       7040 4.31640625000000e-01 4.31640625000000e-01 4.31640625000000e-01  3.312499e-01 -2.550670e+00 -2.550669e+00 -2.550670e+00  5.017245e+02  1.889055e+02  2.825585e+01
       7104       7104       7104 4.35546875000000e-01 4.35546875000000e-01 4.35546875000000e-01  2.190454e-01 -1.586093e+00 -1.586093e+00 -1.586092e+00  4.708548e+02  1.814510e+02  3.405467e+01
       9216       9216       9216 5.64453125000000e-01 5.64453125000000e-01 5.64453125000000e-01  2.190456e-01  1.586094e+00  1.586094e+00  1.586095e+00  4.708550e+02  1.814511e+02  3.405466e+01
       9280       9280       9280 5.68359375000000e-01 5.68359375000000e-01 5.68359375000000e-01  3.312501e-01  2.550670e+00  2.550672e+00  2.550673e+00  5.017248e+02  1.889056e+02  2.825585e+01
       9344       9344       9344 5.72265625000000e-01 5.72265625000000e-01 5.72265625000000e-01  5.027322e-01  4.180921e+00  4.180923e+00  4.180923e+00  5.550264e+02  2.011484e+02  2.366759e+01
       9408       9408       9408 5.76171875000000e-01 5.76171875000000e-01 5.76171875000000e-01  8.111030e-01  7.315413e+00  7.315411e+00  7.315404e+00  6.557411e+02  2.227095e+02  1.960629e+01
       9472       9472       9472 5.80078125000000e-01 5.80078125000000e-01 5.80078125000000e-01  1.414709e+00  1.391773e+01  1.391773e+01  1.391773e+01  8.601514e+02  2.619081e+02  1.609922e+01
       9536       9536       9536 5.83984375000000e-01 5.83984375000000e-01 5.83984375000000e-01  3.031577e+00  3.298521e+01  3.298522e+01  3.298521e+01  1.417304e+03  3.515834e+02  1.274218e+01
       9600       9600       9600 5.87890625000000e-01 5.87890625000000e-01 5.87890625000000e-01  2.764905e+00  1.877737e+01  1.877737e+01  1.877737e+01  6.002804e+02  1.635982e+02  9.101504e+00
       9664       9664       9664 5.91796875000000e-01 5.91796875000000e-01 5.91796875000000e-01  1.000316e+00  2.034771e-06  2.034772e-06  2.034769e-06  2.532348e-05  1.012939e-05  3.765192e-03
       9728       9728       9728 5.95703125000000e-01 5.95703125000000e-01 5.95703125000000e-01  1.000000e+00  0.000000e+00  0.000000e+00  0.000000e+00  2.499999e-05  9.999995e-06  3.741656e-03
       9792       9792       9792 5.99609375000000e-01 5.99609375000000e-01 5.99609375000000e-01  1.000000e+00  0.000000e+00  0.000000e+00  0.000000e+00  2.499999e-05  9.999995e-06  3.741656e-03
       9856       9856       9856 6.03515625000000e-01 6.03515625000000e-01 6.03515625000000e-01  1.000000e+00  0.000000e+00  0.000000e+00  0.000000e+00  2.499999e-05  9.999995e-06  3.741656e-03
       9920       9920       9920 6.07421875000000e-01 6.07421875000000e-01 6.07421875000000e-01  1.000000e+00  0.000000e+00  0.000000e+00  0.000000e+00  2.499999e-05  9.999995e-06  3.741656e-03
       9984       9984       9984 6.11328125000000e-01 6.11328125000000e-01 6.11328125000000e-01  1.000000e+00  0.000000e+00  0.000000e+00  0.000000e+00  2.499999e-05  9.999995e-06  3.741656e-03
      10048      10048      10048 6.15234375000000e-01 6.15234375000000e-01 6.15234375000000e-01  1.000000e+00  0.000000e+00  0.000000e+00  0.000000e+00  2.499999e-05  9.999995e-06  3.741656e-03
      10112      10112      10112 6.19140625000000e-01 6.19140625000000e-01 6.19140625000000e-01  1.000000e+00  0.000000e+00  0.000000e+00  0.000000e+00  2.499999e-05  9.999995e-06  3.741656e-03
      10176      10176      10176 6.23046875000000e-01 6.23046875000000e-01 6.23046875000000e-01  1.000000e+00  0.000000e+00  0.000000e+00  0.000000e+00  2.499999e-05  9.999995e-06  3.741656e-03
       5120       5120       5120 3.14453125000000e-01 3.14453125000000e-01 3.14453125000000e-01  1.000000e+00  0.000000e+00  0.000000e+00  0.000000e+00  2.499999e-05  9.999995e-06  3.741656e-03
       5184       5184       5184 3.18359375000000e-01 3.18359375000000e-01 3.18359375000000e-01  1.000000e+00  0.000000e+00  0.000000e+00  0.000000e+00  2.499999e-05  9.999995e-06  3.741656e-03
       5248       5248       5248 3.22265625000000e-01 3.22265625000000e-01 3.22265625000000e-01  1.000000e+00  0.000000e+00  0.000000e+00  0.000000e+00  2.499999e-05  9.999995e-06  3.741656e-03
       5312       5312       5312 3.26171875000000e-01 3.26171875000000e-01 3.26171875000000e-01  1.000000e+00  0.000000e+00  0.000000e+00  0.000000e+00  2.499999e-05  9.999995e-06  3.741656e-03
       5376       5376       5376 3.30078125000000e-01 3.30078125000000e-01 3.30078125000000e-01  1.000000e+00  0.000000e+00  0.000000e+00  0.000000e+00  2.499999e-05  9.999995e-06  3.741656e-03
       5440       5440       5440 3.33984375000000e-01 3.33984375000000e-01 3.33984375000000e-01  1.000000e+00  0.000000e+00  0.000000e+00  0.000000e+00  2.499999e-05  9.999995e-06  3.741656e-03
       5504       5504       5504 3.37890625000000e-01 3.37890625000000e-01 3.37890625000000e-01  1.000000e+00  0.000000e+00  0.000000e+00  0.000000e+00  2.499999e-05  9.999995e-06  3.741656e-03
       5568       5568       5568 3.41796875000000e-01 3.41796875000000e-01 3.41796875000000e-01  1.000000e+00  0.000000e+00  0.000000e+00  0.000000e+00  2.499999e-05  9.999995e-06  3.741656e-03
       5632       5632       5632 3.45703125000000e-01 3.45703125000000e-01 3.45703125000000e-01  1.000000e+00  0.000000e+00  0.000000e+00  0.000000e+00  2.499999e-05  9.999995e-06  3.741656e-03
       5696       5696       5696 3.49609375000000e-01 3.49609375000000e-01 3.49609375000000e-01  1.000000e+00  0.000000e+00  0.000000e+00  0.000000e+00  2.499999e-05  9.999995e-06  3.741656e-03
       5760       5760       5760 3.53515625000000e-01 3.53515625000000e-01 3.53515625000000e-01  1.000000e+00  0.000000e+00  0.000000e+00  0.000000e+00  2.499999e-05  9.999995e-06  3.741656e-03
       5824       5824       5824 3.57421875000000e-01 3.57421875000000e-01 3.57421875000000e-01  1.000000e+00  0.000000e+00  0.000000e+00  0.000000e+00  2.499999e-05  9.999995e-06  3.741656e-03
       5888       5888       5888 3.61328125000000e-01 3.61328125000000e-01 3.61328125000000e-01  1.000000e+00 -1.110223e-16 -1.110223e-16 -1.110223e-16  2.499999e-05  9.999995e-06  3.741656e-03
       5952       5952       5952 3.65234375000000e-01 3.65234375000000e-01 3.65234375000000e-01  1.000000e+00 -3.330669e-16 -3.330669e-16 -3.330669e-16  2.499999e-05  9.999995e-06  3.741656e-03
       6016       6016       6016 3.69140625000000e-01 3.69140625000000e-01 3.69140625000000e-01  1.000000e+00 -3.275158e-15 -3.275158e-15 -3.275158e-15  2.499999e-05  9.999995e-06  3.741656e-03
       6080       6080       6080 3.73046875000000e-01 3.73046875000000e-01 3.73046875000000e-01  1.000000e+00 -3.275158e-15 -3.275158e-15 -3.275158e-15  2.499999e-05  9.999995e-06  3.741656e-03
      10240      10240      10240 6.26953125000000e-01 6.26953125000000e-01 6.26953125000000e-01  1.000000e+00  3.275158e-15  3.275158e-15  3.275158e-15  2.499999e-05  9.999995e-06  3.741656e-03
      10304      10304      10304 6.30859375000000e-01 6.30859375000000e-01 6.30859375000000e-01  1.000000e+00  3.275158e-15  3.275158e-15  3.275158e-15  2.499999e-05  9.999995e-06  3.741656e-03
      10368      10368      10368 6.34765625000000e-01 6.34765625000000e-01 6.34765625000000e-01  1.000000e+00  3.330669e-16  3.330669e-16  3.330669e-16  2.499999e-05  9.999995e-06  3.741656e-03
      10432      10432      10432 6.38671875000000e-01 6.38671875000000e-01 6.38671875000000e-01  1.000000e+00  1.110223e-16  1.110223e-16  1.110223e-16  2.499999e-05  9.999995e-06  3.741656e-03
      10496      10496      10496 6.42578125000000e-01 6.42578125000000e-01 6.42578125000000e-01  1.000000e+00  0.000000e+00  0.000000e+00  0.000000e+00  2.499999e-05  9.999995e-06  3.741656e-03
      10560      10560      10560 6.46484375000000e-01 6.46484375000000e-01 6.46484375000000e-01  1.000000e+00  0.000000e+00  0.000000e+00  0.000000e+00  2.499999e-05  9.999995e-06  3.741656e-03
      10624      10624      10624 6.50390625000000e-01 6.50390625000000e-01 6.50390625000000e-01  1.000000e+00  0.000000e+00  0.000000e+00  0.000000e+00  2.499999e-05  9.999995e-06  3.741656e-03
      10688      10688      10688 6.54296875000000e-01 6.54296875000000e-01 6.54296875000000e-01  1.000000e+00  0.000000e+00  0.000000e+00  0.000000e+00  2.499999e-05  9.999995e-06  3.741656e-03
      10752      10752      10752 6.58203125000000e-01 6.58203125000000e-01 6.58203125000000e-01  1.000000e+00  0.000000e+00  0.000000e+00  0.000000e+00  2.499999e-05  9.999995e-06  3.741656e-03
      10816      10816      10816 6.62109375000000e-01 6.62109375000000e-01 6.62109375000000e-01  1.000000e+00  0.000000e+00  0.000000e+00  0.000000e+00  2.499999e-05  9.999995e-06  3.741656e-03
      10880      10880      10880 6.66015625000000e-01 6.66015625000000e-01 6.66015625000000e-01  1.000000e+00  0.000000e+00  0.000000e+00  0.000000e+00  2.499999e-05  9.999995e-06  3.741656e-03
      10944      10944      10944 6.69921875000000e-01 6.69921875000000e-01 6.69921875000000e-01  1.000000e+00  0.000000e+00  0.000000e+00  0.000000e+00  2.499999e-05  9.999995e-06  3.741656e-03
      11008      11008      11008 6.73828125000000e-01 6.73828125000000e-01 6.73828125000000e-01  1.000000e+00  0.000000e+00  0.000000e+00  0.000000e+00  2.499999e-05  9.999995e-06  3.741656e-03
      11072      11072      11072 6.77734375000000e-01 6.77734375000000e-01 6.77734375000000e-01  1.000000e+00  0.000000e+00  0.000000e+00  0.000000e+00  2.499999e-05  9.999995e-06  3.741656e-03
      11136      11136      11136 6.81640625000000e-01 6.81640625000000e-01 6.81640625000000e-01  1.000000e+00  0.000000e+00  0.000000e+00  0.000000e+00  2.499999e-05  9.999995e-06  3.741656e-03
      11200      11200      11200 6.85546875000000e-01 6.85546875000000e-01 6.85546875000000e-01  1.000000e+00  0.000000e+00  0.000000e+00  0.000000e+00  2.499999e-05  9.999995e-06  3.741656e-03
