#         i          j          k                    x                    y                    z          Dens          MomX          MomY          MomZ          Engy      Pressure   Sound speed
          0          0          0 7.81250000000000e-03 7.81250000000000e-03 7.81250000000000e-03  1.000000e+00  0.000000e+00  0.000000e+00  0.000000e+00  2.499999e-05  9.999995e-06  3.741656e-03
        256        256        256 2.34375000000000e-02 2.34375000000000e-02 2.34375000000000e-02  1.000000e+00  0.000000e+00  0.000000e+00  0.000000e+00  2.499999e-05  9.999995e-06  3.741656e-03
        512        512        512 3.90625000000000e-02 3.90625000000000e-02 3.90625000000000e-02  1.000000e+00  0.000000e+00  0.000000e+00  0.000000e+00  2.499999e-05  9.999995e-06  3.741656e-03
        768        768        768 5.46875000000000e-02 5.46875000000000e-02 5.46875000000000e-02  1.000000e+00  0.000000e+00  0.000000e+00  0.000000e+00  2.499999e-05  9.999995e-06  3.741656e-03
       1024       1024       1024 7.03125000000000e-02 7.03125000000000e-02 7.03125000000000e-02  1.000000e+00  0.000000e+00  0.000000e+00  0.000000e+00  2.499999e-05  9.999995e-06  3.741656e-03
       1280       1280       1280 8.59375000000000e-02 8.59375000000000e-02 8.59375000000000e-02  1.000000e+00  0.000000e+00  0.000000e+00  0.000000e+00  2.499999e-05  9.999995e-06  3.741656e-03
       1536       1536       1536 1.01562500000000e-01 1.01562500000000e-01 1.01562500000000e-01  1.000000e+00  0.000000e+00  0.000000e+00  0.000000e+00  2.499999e-05  9.999995e-06  3.741656e-03
       1792       1792       1792 1.17187500000000e-01 1.17187500000000e-01 1.17187500000000e-01  1.000000e+00  0.000000e+00  0.000000e+00  0.000000e+00  2.499999e-05  9.999995e-06  3.741656e-03
       2048       2048       2048 1.32812500000000e-01 1.32812500000000e-01 1.32812500000000e-01  1.000000e+00  0.000000e+00  0.000000e+00  0.000000e+00  2.499999e-05  9.999995e-06  3.741656e-03
       2304       2304       2304 1.48437500000000e-01 1.48437500000000e-01 1.48437500000000e-01  1.000000e+00  0.000000e+00  0.000000e+00  0.000000e+00  2.499999e-05  9.999995e-06  3.741656e-03
       2560       2560       2560 1.64062500000000e-01 1.64062500000000e-01 1.64062500000000e-01  1.000000e+00  0.000000e+00  0.000000e+00  0.000000e+00  2.499999e-05  9.999995e-06  3.741656e-03
       2816       2816       2816 1.79687500000000e-01 1.79687500000000e-01 1.79687500000000e-01  1.000000e+00  0.000000e+00  0.000000e+00  0.000000e+00  2.499999e-05  9.999995e-06  3.741656e-03
       3072       3072       3072 1.95312500000000e-01 1.95312500000000e-01 1.95312500000000e-01  1.000000e+00  0.000000e+00  0.000000e+00  0.000000e+00  2.499999e-05  9.999995e-06  3.741656e-03
       3328       3328       3328 2.10937500000000e-01 2.10937500000000e-01 2.10937500000000e-01  1.000000e+00  0.000000e+00  0.000000e+00  0.000000e+00  2.499999e-05  9.999995e-06  3.741656e-03
       3584       3584       3584 2.26562500000000e-01 2.26562500000000e-01 2.26562500000000e-01  1.000000e+00  0.000000e+00  0.000000e+00  0.000000e+00  2.499999e-05  9.999995e-06  3.741656e-03
       3840       3840       3840 2.42187500000000e-01 2.42187500000000e-01 2.42187500000000e-01  1.000000e+00 -1.554312e-15 -1.554312e-15 -1.554312e-15  2.499999e-05  9.999995e-06  3.741656e-03
      12288      12288      12288 7.57812500000000e-01 7.57812500000000e-01 7.57812500000000e-01  1.000000e+00  1.554312e-15  1.554312e-15  1.554312e-15  2.499999e-05  9.999995e-06  3.741656e-03
      12544      12544      12544 7.73437500000000e-01 7.73437500000000e-01 7.73437500000000e-01  1.000000e+00  0.000000e+00  0.000000e+00  0.000000e+00  2.499999e-05  9.999995e-06  3.741656e-03
      12800      12800      12800 7.89062500000000e-01 7.89062500000000e-01 7.89062500000000e-01  1.000000e+00  0.000000e+00  0.000000e+00  0.000000e+00  2.499999e-05  9.999995e-06  3.741656e-03
      13056      13056      13056 8.04687500000000e-01 8.04687500000000e-01 8.04687500000000e-01  1.000000e+00  0.000000e+00  0.000000e+00  0.000000e+00  2.499999e-05  9.999995e-06  3.741656e-03
      13312      13312      13312 8.20312500000000e-01 8.20312500000000e-01 8.20312500000000e-01  1.000000e+00  0.000000e+00  0.000000e+00  0.000000e+00  2.499999e-05  9.999995e-06  3.741656e-03
      13568      13568      13568 8.35937500000000e-01 8.35937500000000e-01 8.35937500000000e-01  1.000000e+00  0.000000e+00  0.000000e+00  0.000000e+00  2.499999e-05  9.999995e-06  3.741656e-03
      13824      13824      13824 8.51562500000000e-01 8.51562500000000e-01 8.51562500000000e-01  1.000000e+00  0.000000e+00  0.000000e+00  0.000000e+00  2.499999e-05  9.999995e-06  3.741656e-03
      14080      14080      14080 8.67187500000000e-01 8.67187500000000e-01 8.67187500000000e-01  1.000000e+00  0.000000e+00  0.000000e+00  0.000000e+00  2.499999e-05  9.999995e-06  3.741656e-03
      14336      14336      14336 8.82812500000000e-01 8.82812500000000e-01 8.82812500000000e-01  1.000000e+00  0.000000e+00  0.000000e+00  0.000000e+00  2.499999e-05  9.999995e-06  3.741656e-03
      14592      14592      14592 8.98437500000000e-01 8.98437500000000e-01 8.98437500000000e-01  1.000000e+00  0.000000e+00  0.000000e+00  0.000000e+00  2.499999e-05  9.999995e-06  3.741656e-03
      14848      14848      14848 9.14062500000000e-01 9.14062500000000e-01 9.14062500000000e-01  1.000000e+00  0.000000e+00  0.000000e+00  0.000000e+00  2.499999e-05  9.999995e-06  3.741656e-03
      15104      15104      15104 9.29687500000000e-01 9.29687500000000e-01 9.29687500000000e-01  1.000000e+00  0.000000e+00  0.000000e+00  0.000000e+00  2.499999e-05  9.999995e-06  3.741656e-03
      15360      15360      15360 9.45312500000000e-01 9.45312500000000e-01 9.45312500000000e-01  1.000000e+00  0.000000e+00  0.000000e+00  0.000000e+00  2.499999e-05  9.999995e-06  3.741656e-03
      15616      15616      15616 9.60937500000000e-01 9.60937500000000e-01 9.60937500000000e-01  1.000000e+00  0.000000e+00  0.000000e+00  0.000000e+00  2.499999e-05  9.999995e-06  3.741656e-03
      15872      15872      15872 9.76562500000000e-01 9.76562500000000e-01 9.76562500000000e-01  1.000000e+00  0.000000e+00  0.000000e+00  0.000000e+00  2.499999e-05  9.999995e-06  3.741656e-03
      16128      16128      16128 9.92187500000000e-01 9.92187500000000e-01 9.92187500000000e-01  1.000000e+00  0.000000e+00  0.000000e+00  0.000000e+00  2.499999e-05  9.999995e-06  3.741656e-03
       7168       7168       7168 4.41406250000000e-01 4.41406250000000e-01 4.41406250000000e-01  2.191036e-03 -2.765606e-03 -2.770700e-03 -2.784403e-03  1.901794e+02  7.606966e+01  2.204677e+02
       7296       7296       7296 4.49218750000000e-01 4.49218750000000e-01 4.49218750000000e-01  1.688505e-03 -1.104077e-03 -1.101791e-03 -1.103384e-03  1.901211e+02  7.604800e+01  2.511058e+02
       7424       7424       7424 4.57031250000000e-01 4.57031250000000e-01 4.57031250000000e-01  1.100486e-03 -6.793663e-04 -6.670753e-04 -6.598209e-04  1.900722e+02  7.602865e+01  3.109999e+02
       7552       7552       7552 4.64843750000000e-01 4.64843750000000e-01 4.64843750000000e-01  1.039372e-03 -1.385495e-03 -1.386033e-03 -1.386040e-03  1.900228e+02  7.600802e+01  3.199693e+02
       7680       7680       7680 4.72656250000000e-01 4.72656250000000e-01 4.72656250000000e-01  1.030235e-03 -1.606439e-03 -1.604780e-03 -1.604754e-03  1.899989e+02  7.599805e+01  3.213640e+02
       7808       7808       7808 4.80468750000000e-01 4.80468750000000e-01 4.80468750000000e-01  1.036520e-03 -1.549073e-03 -1.548823e-03 -1.548596e-03  1.899878e+02  7.599374e+01  3.203791e+02
       7936       7936       7936 4.88281250000000e-01 4.88281250000000e-01 4.88281250000000e-01  1.064689e-03 -1.310768e-03 -1.310272e-03 -1.311117e-03  1.900176e+02  7.600609e+01  3.161380e+02
       8064       8064       8064 4.96093750000000e-01 4.96093750000000e-01 4.96093750000000e-01  1.053891e-03 -2.361728e-04 -2.361511e-04 -2.360990e-04  1.900427e+02  7.601704e+01  3.177765e+02
       8192       8192       8192 5.03906250000000e-01 5.03906250000000e-01 5.03906250000000e-01  1.053891e-03  2.361612e-04  2.361567e-04  2.360888e-04  1.900427e+02  7.601704e+01  3.177765e+02
       8320       8320       8320 5.11718750000000e-01 5.11718750000000e-01 5.11718750000000e-01  1.064691e-03  1.310700e-03  1.310251e-03  1.311165e-03  1.900176e+02  7.600608e+01  3.161378e+02
       8448       8448       8448 5.19531250000000e-01 5.19531250000000e-01 5.19531250000000e-01  1.036518e-03  1.549041e-03  1.548819e-03  1.548563e-03  1.899878e+02  7.599374e+01  3.203793e+02
       8576       8576       8576 5.27343750000000e-01 5.27343750000000e-01 5.27343750000000e-01  1.030233e-03  1.606421e-03  1.604718e-03  1.604759e-03  1.899989e+02  7.599805e+01  3.213642e+02
       8704       8704       8704 5.35156250000000e-01 5.35156250000000e-01 5.35156250000000e-01  1.039371e-03  1.385499e-03  1.386016e-03  1.386094e-03  1.900228e+02  7.600803e+01  3.199694e+02
       8832       8832       8832 5.42968750000000e-01 5.42968750000000e-01 5.42968750000000e-01  1.100486e-03  6.794118e-04  6.670597e-04  6.598932e-04  1.900722e+02  7.602863e+01  3.110000e+02
       8960       8960       8960 5.50781250000000e-01 5.50781250000000e-01 5.50781250000000e-01  1.688502e-03  1.104062e-03  1.101802e-03  1.103372e-03  1.901211e+02  7.604800e+01  2.511060e+02
       9088       9088       9088 5.58593750000000e-01 5.58593750000000e-01 5.58593750000000e-01  2.191041e-03  2.765664e-03  2.770781e-03  2.784505e-03  1.901794e+02  7.606964e+01  2.204674e+02
       4096       4096       4096 2.53906250000000e-01 2.53906250000000e-01 2.53906250000000e-01  1.000000e+00  0.000000e+00  0.000000e+00  0.000000e+00  2.499999e-05  9.999995e-06  3.741656e-03
       4224       4224       4224 2.61718750000000e-01 2.61718750000000e-01 2.61718750000000e-01  1.000000e+00  0.000000e+00  0.000000e+00  0.000000e+00  2.499999e-05  9.999995e-06  3.741656e-03
       4352       4352       4352 2.69531250000000e-01 2.69531250000000e-01 2.69531250000000e-01  1.000000e+00  0.000000e+00  0.000000e+00  0.000000e+00  2.499999e-05  9.999995e-06  3.741656e-03
       4480       4480       4480 2.77343750000000e-01 2.77343750000000e-01 2.77343750000000e-01  1.000000e+00  0.000000e+00  0.000000e+00  0.000000e+00  2.499999e-05  9.999995e-06  3.741656e-03
       4608       4608       4608 2.85156250000000e-01 2.85156250000000e-01 2.85156250000000e-01  1.000000e+00  0.000000e+00  0.000000e+00  0.000000e+00  2.499999e-05  9.999995e-06  3.741656e-03
       4736       4736       4736 2.92968750000000e-01 2.92968750000000e-01 2.92968750000000e-01  1.000000e+00  0.000000e+00  0.000000e+00  0.000000e+00  2.499999e-05  9.999995e-06  3.741656e-03
       4864       4864       4864 3.00781250000000e-01 3.00781250000000e-01 3.00781250000000e-01  1.000000e+00  0.000000e+00  0.000000e+00  0.000000e+00  2.499999e-05  9.999995e-06  3.741656e-03
       4992       4992       4992 3.08593750000000e-01 3.08593750000000e-01 3.08593750000000e-01  1.000000e+00  0.000000e+00  0.000000e+00  0.000000e+00  2.499999e-05  9.999995e-06  3.741656e-03
      11264      11264      11264 6.91406250000000e-01 6.91406250000000e-01 6.91406250000000e-01  1.000000e+00  0.000000e+00  0.000000e+00  0.000000e+00  2.499999e-05  9.999995e-06  3.741656e-03
      11392      11392      11392 6.99218750000000e-01 6.99218750000000e-01 6.99218750000000e-01  1.000000e+00  0.000000e+00  0.000000e+00  0.000000e+00  2.499999e-05  9.999995e-06  3.741656e-03
      11520      11520      11520 7.07031250000000e-01 7.07031250000000e-01 7.07031250000000e-01  1.000000e+00  0.000000e+00  0.000000e+00  0.000000e+00  2.499999e-05  9.999995e-06  3.741656e-03
      11648      11648      11648 7.14843750000000e-01 7.14843750000000e-01 7.14843750000000e-01  1.000000e+00  0.000000e+00  0.000000e+00  0.000000e+00  2.499999e-05  9.999995e-06  3.741656e-03
      11776      11776      11776 7.22656250000000e-01 7.22656250000000e-01 7.22656250000000e-01  1.000000e+00  0.000000e+00  0.000000e+00  0.000000e+00  2.499999e-05  9.999995e-06  3.741656e-03
      11904      11904      11904 7.30468750000000e-01 7.30468750000000e-01 7.30468750000000e-01  1.000000e+00  0.000000e+00  0.000000e+00  0.000000e+00  2.499999e-05  9.999995e-06  3.741656e-03
      12032      12032      12032 7.38281250000000e-01 7.38281250000000e-01 7.38281250000000e-01  1.000000e+00  0.000000e+00  0.000000e+00  0.000000e+00  2.499999e-05  9.999995e-06  3.741656e-03
      12160      12160      12160 7.46093750000000e-01 7.46093750000000e-01 7.46093750000000e-01  1.000000e+00  0.000000e+00  0.000000e+00  0.000000e+00  2.499999e-05  9.999995e-06  3.741656e-03
       6144       6144       6144 3.76953125000000e-01 3.76953125000000e-01 3.76953125000000e-01  1.000000e+00 -4.122363e-31 -4.122363e-31 -4.122363e-31  2.499999e-05  9.999995e-06  3.741656e-03
       6208       6208       6208 3.80859375000000e-01 3.80859375000000e-01 3.80859375000000e-01  1.002683e+00 -7.131641e-05 -7.131633e-05 -7.131640e-05  6.883644e-05  2.753153e-05  6.200081e-03
       6272       6272       6272 3.84765625000000e-01 3.84765625000000e-01 3.84765625000000e-01  4.021137e+00 -2.586278e+01 -2.586276e+01 -2.586278e+01  6.019020e+02  1.409557e+02  7.005368e+00
       6336       6336       6336 3.88671875000000e-01 3.88671875000000e-01 3.88671875000000e-01  3.101959e+00 -2.181868e+01 -2.181868e+01 -2.181868e+01  6.047557e+02  1.498208e+02  8.223035e+00
       6400       6400       6400 3.92578125000000e-01 3.92578125000000e-01 3.92578125000000e-01  1.796879e+00 -1.186761e+01 -1.186761e+01 -1.186761e+01  4.227065e+02  1.220543e+02  9.751719e+00
       6464       6464       6464 3.96484375000000e-01 3.96484375000000e-01 3.96484375000000e-01  1.152874e+00 -7.157372e+00 -7.157372e+00 -7.157370e+00  3.296022e+02  1.051799e+02  1.130159e+01
       6528       6528       6528 4.00390625000000e-01 4.00390625000000e-01 4.00390625000000e-01  7.662305e-01 -4.467504e+00 -4.467506e+00 -4.467505e+00  2.758828e+02  9.472446e+01  1.315574e+01
       6592       6592       6592 4.04296875000000e-01 4.04296875000000e-01 4.04296875000000e-01  5.219211e-01 -2.874622e+00 -2.874623e+00 -2.874625e+00  2.435288e+02  8.791186e+01  1.535626e+01
       6656       6656       6656 4.08203125000000e-01 4.08203125000000e-01 4.08203125000000e-01  3.671851e-01 -1.904082e+00 -1.904076e+00 -1.904069e+00  2.242449e+02  8.377370e+01  1.787209e+01
       6720       6720       6720 4.12109375000000e-01 4.12109375000000e-01 4.12109375000000e-01  2.639755e-01 -1.295031e+00 -1.295036e+00 -1.295041e+00  2.119598e+02  8.097194e+01  2.072285e+01
       6784       6784       6784 4.16015625000000e-01 4.16015625000000e-01 4.16015625000000e-01  1.939337e-01 -9.014288e-01 -9.014368e-01 -9.014375e-01  2.039769e+02  7.907676e+01  2.389251e+01
       6848       6848       6848 4.19921875000000e-01 4.19921875000000e-01 4.19921875000000e-01  1.408364e-01 -6.269696e-01 -6.269649e-01 -6.269605e-01  1.984760e+02  7.771574e+01  2.779465e+01
       6912       6912       6912 4.23828125000000e-01 4.23828125000000e-01 4.23828125000000e-01  9.732106e-02 -4.219438e-01 -4.219620e-01 -4.219719e-01  1.946566e+02  7.676492e+01  3.323090e+01
       6976       6976       6976 4.27734375000000e-01 4.27734375000000e-01 4.27734375000000e-01  4.876349e-02 -2.170314e-01 -2.170730e-01 -2.171140e-01  1.921033e+02  7.626153e+01  4.679176e+01
       7040       7040       7040 4.31640625000000e-01 4.31640625000000e-01 4.31640625000000e-01  6.787070e-03 -2.767094e-02 -2.768514e-02 -2.769112e-02  1.904933e+02  7.612956e+01  1.253140e+02
       7104       7104       7104 4.35546875000000e-01 4.35546875000000e-01 4.35546875000000e-01  2.967720e-03 -8.110478e-03 -8.121657e-03 -8.129400e-03  1.903186e+02  7.611411e+01  1.894895e+02
       9216       9216       9216 5.64453125000000e-01 5.64453125000000e-01 5.64453125000000e-01  2.967707e-03  8.110247e-03  8.121555e-03  8.129408e-03  1.903186e+02  7.611412e+01  1.894899e+02
       9280       9280       9280 5.68359375000000e-01 5.68359375000000e-01 5.68359375000000e-01  6.787108e-03  2.767101e-02  2.768527e-02  2.769162e-02  1.904933e+02  7.612957e+01  1.253136e+02
       9344       9344       9344 5.72265625000000e-01 5.72265625000000e-01 5.72265625000000e-01  4.876344e-02  2.170308e-01  2.170731e-01  2.171137e-01  1.921032e+02  7.626151e+01  4.679178e+01
       9408       9408       9408 5.76171875000000e-01 5.76171875000000e-01 5.76171875000000e-01  9.732086e-02  4.219429e-01  4.219611e-01  4.219697e-01  1.946565e+02  7.676492e+01  3.323092e+01
       9472       9472       9472 5.80078125000000e-01 5.80078125000000e-01 5.80078125000000e-01  1.408359e-01  6.269680e-01  6.269628e-01  6.269587e-01  1.984760e+02  7.771575e+01  2.779469e+01
       9536       9536       9536 5.83984375000000e-01 5.83984375000000e-01 5.83984375000000e-01  1.939342e-01  9.014323e-01  9.014372e-01  9.014379e-01  2.039769e+02  7.907677e+01  2.389248e+01
       9600       9600       9600 5.87890625000000e-01 5.87890625000000e-01 5.87890625000000e-01  2.639756e-01  1.295032e+00  1.295035e+00  1.295040e+00  2.119598e+02  8.097193e+01  2.072284e+01
       9664       9664       9664 5.91796875000000e-01 5.91796875000000e-01 5.91796875000000e-01  3.671846e-01  1.904080e+00  1.904075e+00  1.904068e+00  2.242449e+02  8.377367e+01  1.787210e+01
       9728       9728       9728 5.95703125000000e-01 5.95703125000000e-01 5.95703125000000e-01  5.219218e-01  2.874624e+00  2.874627e+00  2.874628e+00  2.435289e+02  8.791187e+01  1.535625e+01
       9792       9792       9792 5.99609375000000e-01 5.99609375000000e-01 5.99609375000000e-01  7.662297e-01  4.467500e+00  4.467505e+00  4.467503e+00  2.758828e+02  9.472444e+01  1.315575e+01
       9856       9856       9856 6.03515625000000e-01 6.03515625000000e-01 6.03515625000000e-01  1.152872e+00  7.157362e+00  7.157363e+00  7.157357e+00  3.296020e+02  1.051798e+02  1.130159e+01
       9920       9920       9920 6.07421875000000e-01 6.07421875000000e-01 6.07421875000000e-01  1.796878e+00  1.186762e+01  1.186762e+01  1.186761e+01  4.227063e+02  1.220542e+02  9.751718e+00
       9984       9984       9984 6.11328125000000e-01 6.11328125000000e-01 6.11328125000000e-01  3.101956e+00  2.181866e+01  2.181867e+01  2.181866e+01  6.047552e+02  1.498207e+02  8.223034e+00
      10048      10048      10048 6.15234375000000e-01 6.15234375000000e-01 6.15234375000000e-01  4.021137e+00  2.586278e+01  2.586278e+01  2.586279e+01  6.019022e+02  1.409557e+02  7.005368e+00
      10112      10112      10112 6.19140625000000e-01 6.19140625000000e-01 6.19140625000000e-01  1.002683e+00  7.131659e-05  7.131657e-05  7.131657e-05  6.883661e-05  2.753160e-05  6.200088e-03
      10176      10176      10176 6.23046875000000e-01 6.23046875000000e-01 6.23046875000000e-01  1.000000e+00  4.122363e-31  4.122363e-31  4.122363e-31  2.499999e-05  9.999995e-06  3.741656e-03
       5120       5120       5120 3.14453125000000e-01 3.14453125000000e-01 3.14453125000000e-01  1.000000e+00  0.000000e+00  0.000000e+00  0.000000e+00  2.499999e-05  9.999995e-06  3.741656e-03
       5184       5184       5184 3.18359375000000e-01 3.18359375000000e-01 3.18359375000000e-01  1.000000e+00  0.000000e+00  0.000000e+00  0.000000e+00  2.499999e-05  9.999995e-06  3.741656e-03
       5248       5248       5248 3.22265625000000e-01 3.22265625000000e-01 3.22265625000000e-01  1.000000e+00  0.000000e+00  0.000000e+00  0.000000e+00  2.499999e-05  9.999995e-06  3.741656e-03
       5312       5312       5312 3.26171875000000e-01 3.26171875000000e-01 3.26171875000000e-01  1.000000e+00  0.000000e+00  0.000000e+00  0.000000e+00  2.499999e-05  9.999995e-06  3.741656e-03
       5376       5376       5376 3.30078125000000e-01 3.30078125000000e-01 3.30078125000000e-01  1.000000e+00  0.000000e+00  0.000000e+00  0.000000e+00  2.499999e-05  9.999995e-06  3.741656e-03
       5440       5440       5440 3.33984375000000e-01 3.33984375000000e-01 3.33984375000000e-01  1.000000e+00  0.000000e+00  0.000000e+00  0.000000e+00  2.499999e-05  9.999995e-06  3.741656e-03
       5504       5504       5504 3.37890625000000e-01 3.37890625000000e-01 3.37890625000000e-01  1.000000e+00  0.000000e+00  0.000000e+00  0.000000e+00  2.499999e-05  9.999995e-06  3.741656e-03
       5568       5568       5568 3.41796875000000e-01 3.41796875000000e-01 3.41796875000000e-01  1.000000e+00  0.000000e+00  0.000000e+00  0.000000e+00  2.499999e-05  9.999995e-06  3.741656e-03
       5632       5632       5632 3.45703125000000e-01 3.45703125000000e-01 3.45703125000000e-01  1.000000e+00  0.000000e+00  0.000000e+00  0.000000e+00  2.499999e-05  9.999995e-06  3.741656e-03
       5696       5696       5696 3.49609375000000e-01 3.49609375000000e-01 3.49609375000000e-01  1.000000e+00  0.000000e+00  0.000000e+00  0.000000e+00  2.499999e-05  9.999995e-06  3.741656e-03
       5760       5760       5760 3.53515625000000e-01 3.53515625000000e-01 3.53515625000000e-01  1.000000e+00  0.000000e+00  0.000000e+00  0.000000e+00  2.499999e-05  9.999995e-06  3.741656e-03
       5824       5824       5824 3.57421875000000e-01 3.57421875000000e-01 3.57421875000000e-01  1.000000e+00  0.000000e+00  0.000000e+00  0.000000e+00  2.499999e-05  9.999995e-06  3.741656e-03
       5888       5888       5888 3.61328125000000e-01 3.61328125000000e-01 3.61328125000000e-01  1.000000e+00 -1.110223e-16 -1.110223e-16 -1.110223e-16  2.499999e-05  9.999995e-06  3.741656e-03
       5952       5952       5952 3.65234375000000e-01 3.65234375000000e-01 3.65234375000000e-01  1.000000e+00 -3.330669e-16 -3.330669e-16 -3.330669e-16  2.499999e-05  9.999995e-06  3.741656e-03
       6016       6016       6016 3.69140625000000e-01 3.69140625000000e-01 3.69140625000000e-01  1.000000e+00 -3.275158e-15 -3.275158e-15 -3.275158e-15  2.499999e-05  9.999995e-06  3.741656e-03
       6080       6080       6080 3.73046875000000e-01 3.73046875000000e-01 3.73046875000000e-01  1.000000e+00 -3.275158e-15 -3.275158e-15 -3.275158e-15  2.499999e-05  9.999995e-06  3.741656e-03
      10240      10240      10240 6.26953125000000e-01 6.26953125000000e-01 6.26953125000000e-01  1.000000e+00  3.275158e-15  3.275158e-15  3.275158e-15  2.499999e-05  9.999995e-06  3.741656e-03
      10304      10304      10304 6.30859375000000e-01 6.30859375000000e-01 6.30859375000000e-01  1.000000e+00  3.275158e-15  3.275158e-15  3.275158e-15  2.499999e-05  9.999995e-06  3.741656e-03
      10368      10368      10368 6.34765625000000e-01 6.34765625000000e-01 6.34765625000000e-01  1.000000e+00  3.330669e-16  3.330669e-16  3.330669e-16  2.499999e-05  9.999995e-06  3.741656e-03
      10432      10432      10432 6.38671875000000e-01 6.38671875000000e-01 6.38671875000000e-01  1.000000e+00  1.110223e-16  1.110223e-16  1.110223e-16  2.499999e-05  9.999995e-06  3.741656e-03
      10496      10496      10496 6.42578125000000e-01 6.42578125000000e-01 6.42578125000000e-01  1.000000e+00  0.000000e+00  0.000000e+00  0.000000e+00  2.499999e-05  9.999995e-06  3.741656e-03
      10560      10560      10560 6.46484375000000e-01 6.46484375000000e-01 6.46484375000000e-01  1.000000e+00  0.000000e+00  0.000000e+00  0.000000e+00  2.499999e-05  9.999995e-06  3.741656e-03
      10624      10624      10624 6.50390625000000e-01 6.50390625000000e-01 6.50390625000000e-01  1.000000e+00  0.000000e+00  0.000000e+00  0.000000e+00  2.499999e-05  9.999995e-06  3.741656e-03
      10688      10688      10688 6.54296875000000e-01 6.54296875000000e-01 6.54296875000000e-01  1.000000e+00  0.000000e+00  0.000000e+00  0.000000e+00  2.499999e-05  9.999995e-06  3.741656e-03
      10752      10752      10752 6.58203125000000e-01 6.58203125000000e-01 6.58203125000000e-01  1.000000e+00  0.000000e+00  0.000000e+00  0.000000e+00  2.499999e-05  9.999995e-06  3.741656e-03
      10816      10816      10816 6.62109375000000e-01 6.62109375000000e-01 6.62109375000000e-01  1.000000e+00  0.000000e+00  0.000000e+00  0.000000e+00  2.499999e-05  9.999995e-06  3.741656e-03
      10880      10880      10880 6.66015625000000e-01 6.66015625000000e-01 6.66015625000000e-01  1.000000e+00  0.000000e+00  0.000000e+00  0.000000e+00  2.499999e-05  9.999995e-06  3.741656e-03
      10944      10944      10944 6.69921875000000e-01 6.69921875000000e-01 6.69921875000000e-01  1.000000e+00  0.000000e+00  0.000000e+00  0.000000e+00  2.499999e-05  9.999995e-06  3.741656e-03
      11008      11008      11008 6.73828125000000e-01 6.73828125000000e-01 6.73828125000000e-01  1.000000e+00  0.000000e+00  0.000000e+00  0.000000e+00  2.499999e-05  9.999995e-06  3.741656e-03
      11072      11072      11072 6.77734375000000e-01 6.77734375000000e-01 6.77734375000000e-01  1.000000e+00  0.000000e+00  0.000000e+00  0.000000e+00  2.499999e-05  9.999995e-06  3.741656e-03
      11136      11136      11136 6.81640625000000e-01 6.81640625000000e-01 6.81640625000000e-01  1.000000e+00  0.000000e+00  0.000000e+00  0.000000e+00  2.499999e-05  9.999995e-06  3.741656e-03
      11200      11200      11200 6.85546875000000e-01 6.85546875000000e-01 6.85546875000000e-01  1.000000e+00  0.000000e+00  0.000000e+00  0.000000e+00  2.499999e-05  9.999995e-06  3.741656e-03
