#         i          j          k                    x                    y                    z          Dens          MomX          MomY          MomZ          Engy      Pressure   Sound speed
          0          0          0 7.81250000000000e-03 7.81250000000000e-03 7.81250000000000e-03  1.000000e+00  0.000000e+00  0.000000e+00  0.000000e+00  2.499999e-05  9.999995e-06  3.741656e-03
        256        256        256 2.34375000000000e-02 2.34375000000000e-02 2.34375000000000e-02  1.000000e+00  0.000000e+00  0.000000e+00  0.000000e+00  2.499999e-05  9.999995e-06  3.741656e-03
        512        512        512 3.90625000000000e-02 3.90625000000000e-02 3.90625000000000e-02  1.000000e+00  0.000000e+00  0.000000e+00  0.000000e+00  2.499999e-05  9.999995e-06  3.741656e-03
        768        768        768 5.46875000000000e-02 5.46875000000000e-02 5.46875000000000e-02  1.000000e+00  0.000000e+00  0.000000e+00  0.000000e+00  2.499999e-05  9.999995e-06  3.741656e-03
       1024       1024       1024 7.03125000000000e-02 7.03125000000000e-02 7.03125000000000e-02  1.000000e+00  0.000000e+00  0.000000e+00  0.000000e+00  2.499999e-05  9.999995e-06  3.741656e-03
       1280       1280       1280 8.59375000000000e-02 8.59375000000000e-02 8.59375000000000e-02  1.000000e+00  0.000000e+00  0.000000e+00  0.000000e+00  2.499999e-05  9.999995e-06  3.741656e-03
       1536       1536       1536 1.01562500000000e-01 1.01562500000000e-01 1.01562500000000e-01  1.000000e+00  0.000000e+00  0.000000e+00  0.000000e+00  2.499999e-05  9.999995e-06  3.741656e-03
       1792       1792       1792 1.17187500000000e-01 1.17187500000000e-01 1.17187500000000e-01  1.000000e+00  0.000000e+00  0.000000e+00  0.000000e+00  2.499999e-05  9.999995e-06  3.741656e-03
       2048       2048       2048 1.32812500000000e-01 1.32812500000000e-01 1.32812500000000e-01  1.000000e+00  0.000000e+00  0.000000e+00  0.000000e+00  2.499999e-05  9.999995e-06  3.741656e-03
       2304       2304       2304 1.48437500000000e-01 1.48437500000000e-01 1.48437500000000e-01  1.000000e+00  0.000000e+00  0.000000e+00  0.000000e+00  2.499999e-05  9.999995e-06  3.741656e-03
       2560       2560       2560 1.64062500000000e-01 1.64062500000000e-01 1.64062500000000e-01  1.000000e+00  0.000000e+00  0.000000e+00  0.000000e+00  2.499999e-05  9.999995e-06  3.741656e-03
       2816       2816       2816 1.79687500000000e-01 1.79687500000000e-01 1.79687500000000e-01  1.000000e+00  0.000000e+00  0.000000e+00  0.000000e+00  2.499999e-05  9.999995e-06  3.741656e-03
       3072       3072       3072 1.95312500000000e-01 1.95312500000000e-01 1.95312500000000e-01  1.000000e+00  0.000000e+00  0.000000e+00  0.000000e+00  2.499999e-05  9.999995e-06  3.741656e-03
       3328       3328       3328 2.10937500000000e-01 2.10937500000000e-01 2.10937500000000e-01  1.000000e+00  0.000000e+00  0.000000e+00  0.000000e+00  2.499999e-05  9.999995e-06  3.741656e-03
       3584       3584       3584 2.26562500000000e-01 2.26562500000000e-01 2.26562500000000e-01  1.000000e+00  0.000000e+00  0.000000e+00  0.000000e+00  2.499999e-05  9.999995e-06  3.741656e-03
       3840       3840       3840 2.42187500000000e-01 2.42187500000000e-01 2.42187500000000e-01  1.000000e+00  0.000000e+00  0.000000e+00  0.000000e+00  2.499999e-05  9.999995e-06  3.741656e-03
      12288      12288      12288 7.57812500000000e-01 7.57812500000000e-01 7.57812500000000e-01  1.000000e+00  0.000000e+00  0.000000e+00  0.000000e+00  2.499999e-05  9.999995e-06  3.741656e-03
      12544      12544      12544 7.73437500000000e-01 7.73437500000000e-01 7.73437500000000e-01  1.000000e+00  0.000000e+00  0.000000e+00  0.000000e+00  2.499999e-05  9.999995e-06  3.741656e-03
      12800      12800      12800 7.89062500000000e-01 7.89062500000000e-01 7.89062500000000e-01  1.000000e+00  0.000000e+00  0.000000e+00  0.000000e+00  2.499999e-05  9.999995e-06  3.741656e-03
      13056      13056      13056 8.04687500000000e-01 8.04687500000000e-01 8.04687500000000e-01  1.000000e+00  0.000000e+00  0.000000e+00  0.000000e+00  2.499999e-05  9.999995e-06  3.741656e-03
      13312      13312      13312 8.20312500000000e-01 8.20312500000000e-01 8.20312500000000e-01  1.000000e+00  0.000000e+00  0.000000e+00  0.000000e+00  2.499999e-05  9.999995e-06  3.741656e-03
      13568      13568      13568 8.35937500000000e-01 8.35937500000000e-01 8.35937500000000e-01  1.000000e+00  0.000000e+00  0.000000e+00  0.000000e+00  2.499999e-05  9.999995e-06  3.741656e-03
      13824      13824      13824 8.51562500000000e-01 8.51562500000000e-01 8.51562500000000e-01  1.000000e+00  0.000000e+00  0.000000e+00  0.000000e+00  2.499999e-05  9.999995e-06  3.741656e-03
      14080      14080      14080 8.67187500000000e-01 8.67187500000000e-01 8.67187500000000e-01  1.000000e+00  0.000000e+00  0.000000e+00  0.000000e+00  2.499999e-05  9.999995e-06  3.741656e-03
      14336      14336      14336 8.82812500000000e-01 8.82812500000000e-01 8.82812500000000e-01  1.000000e+00  0.000000e+00  0.000000e+00  0.000000e+00  2.499999e-05  9.999995e-06  3.741656e-03
      14592      14592      14592 8.98437500000000e-01 8.98437500000000e-01 8.98437500000000e-01  1.000000e+00  0.000000e+00  0.000000e+00  0.000000e+00  2.499999e-05  9.999995e-06  3.741656e-03
      14848      14848      14848 9.14062500000000e-01 9.14062500000000e-01 9.14062500000000e-01  1.000000e+00  0.000000e+00  0.000000e+00  0.000000e+00  2.499999e-05  9.999995e-06  3.741656e-03
      15104      15104      15104 9.29687500000000e-01 9.29687500000000e-01 9.29687500000000e-01  1.000000e+00  0.000000e+00  0.000000e+00  0.000000e+00  2.499999e-05  9.999995e-06  3.741656e-03
      15360      15360      15360 9.45312500000000e-01 9.45312500000000e-01 9.45312500000000e-01  1.000000e+00  0.000000e+00  0.000000e+00  0.000000e+00  2.499999e-05  9.999995e-06  3.741656e-03
      15616      15616      15616 9.60937500000000e-01 9.60937500000000e-01 9.60937500000000e-01  1.000000e+00  0.000000e+00  0.000000e+00  0.000000e+00  2.499999e-05  9.999995e-06  3.741656e-03
      15872      15872      15872 9.76562500000000e-01 9.76562500000000e-01 9.76562500000000e-01  1.000000e+00  0.000000e+00  0.000000e+00  0.000000e+00  2.499999e-05  9.999995e-06  3.741656e-03
      16128      16128      16128 9.92187500000000e-01 9.92187500000000e-01 9.92187500000000e-01  1.000000e+00  0.000000e+00  0.000000e+00  0.000000e+00  2.499999e-05  9.999995e-06  3.741656e-03
       7168       7168       7168 4.41406250000000e-01 4.41406250000000e-01 4.41406250000000e-01  2.488748e-03 -4.828586e-03 -4.844184e-03 -4.861319e-03  2.157214e+02  8.628292e+01  2.203109e+02
       7296       7296       7296 4.49218750000000e-01 4.49218750000000e-01 4.49218750000000e-01  1.879607e-03 -1.862499e-03 -1.866471e-03 -1.871937e-03  2.156219e+02  8.624767e+01  2.534569e+02
       7424       7424       7424 4.57031250000000e-01 4.57031250000000e-01 4.57031250000000e-01  1.216218e-03 -1.030375e-03 -1.020273e-03 -1.010476e-03  2.155354e+02  8.621365e+01  3.150259e+02
       7552       7552       7552 4.64843750000000e-01 4.64843750000000e-01 4.64843750000000e-01  1.137475e-03 -1.669525e-03 -1.667190e-03 -1.667051e-03  2.154640e+02  8.618412e+01  3.256917e+02
       7680       7680       7680 4.72656250000000e-01 4.72656250000000e-01 4.72656250000000e-01  1.126723e-03 -1.802609e-03 -1.801176e-03 -1.800403e-03  2.154326e+02  8.617130e+01  3.272177e+02
       7808       7808       7808 4.80468750000000e-01 4.80468750000000e-01 4.80468750000000e-01  1.131414e-03 -1.695478e-03 -1.694168e-03 -1.692954e-03  2.154093e+02  8.616219e+01  3.265214e+02
       7936       7936       7936 4.88281250000000e-01 4.88281250000000e-01 4.88281250000000e-01  1.165492e-03 -1.337950e-03 -1.337526e-03 -1.338750e-03  2.154113e+02  8.616360e+01  3.217150e+02
       8064       8064       8064 4.96093750000000e-01 4.96093750000000e-01 4.96093750000000e-01  1.152715e-03 -2.878929e-04 -2.884580e-04 -2.887075e-04  2.154490e+02  8.617957e+01  3.235230e+02
       8192       8192       8192 5.03906250000000e-01 5.03906250000000e-01 5.03906250000000e-01  1.152715e-03  2.879002e-04  2.884477e-04  2.886972e-04  2.154491e+02  8.617958e+01  3.235230e+02
       8320       8320       8320 5.11718750000000e-01 5.11718750000000e-01 5.11718750000000e-01  1.165493e-03  1.337884e-03  1.337495e-03  1.338759e-03  2.154113e+02  8.616360e+01  3.217148e+02
       8448       8448       8448 5.19531250000000e-01 5.19531250000000e-01 5.19531250000000e-01  1.131412e-03  1.695448e-03  1.694192e-03  1.692970e-03  2.154093e+02  8.616221e+01  3.265217e+02
       8576       8576       8576 5.27343750000000e-01 5.27343750000000e-01 5.27343750000000e-01  1.126721e-03  1.802573e-03  1.801167e-03  1.800412e-03  2.154326e+02  8.617130e+01  3.272179e+02
       8704       8704       8704 5.35156250000000e-01 5.35156250000000e-01 5.35156250000000e-01  1.137474e-03  1.669445e-03  1.667212e-03  1.667118e-03  2.154639e+02  8.618411e+01  3.256918e+02
       8832       8832       8832 5.42968750000000e-01 5.42968750000000e-01 5.42968750000000e-01  1.216218e-03  1.030389e-03  1.020274e-03  1.010492e-03  2.155354e+02  8.621364e+01  3.150259e+02
       8960       8960       8960 5.50781250000000e-01 5.50781250000000e-01 5.50781250000000e-01  1.879606e-03  1.862571e-03  1.866539e-03  1.871997e-03  2.156219e+02  8.624767e+01  2.534570e+02
       9088       9088       9088 5.58593750000000e-01 5.58593750000000e-01 5.58593750000000e-01  2.488753e-03  4.828542e-03  4.844176e-03  4.861380e-03  2.157214e+02  8.628291e+01  2.203107e+02
       4096       4096       4096 2.53906250000000e-01 2.53906250000000e-01 2.53906250000000e-01  1.000000e+00  0.000000e+00  0.000000e+00  0.000000e+00  2.499999e-05  9.999995e-06  3.741656e-03
       4224       4224       4224 2.61718750000000e-01 2.61718750000000e-01 2.61718750000000e-01  1.000000e+00  0.000000e+00  0.000000e+00  0.000000e+00  2.499999e-05  9.999995e-06  3.741656e-03
       4352       4352       4352 2.69531250000000e-01 2.69531250000000e-01 2.69531250000000e-01  1.000000e+00  0.000000e+00  0.000000e+00  0.000000e+00  2.499999e-05  9.999995e-06  3.741656e-03
       4480       4480       4480 2.77343750000000e-01 2.77343750000000e-01 2.77343750000000e-01  1.000000e+00  0.000000e+00  0.000000e+00  0.000000e+00  2.499999e-05  9.999995e-06  3.741656e-03
       4608       4608       4608 2.85156250000000e-01 2.85156250000000e-01 2.85156250000000e-01  1.000000e+00  0.000000e+00  0.000000e+00  0.000000e+00  2.499999e-05  9.999995e-06  3.741656e-03
       4736       4736       4736 2.92968750000000e-01 2.92968750000000e-01 2.92968750000000e-01  1.000000e+00  0.000000e+00  0.000000e+00  0.000000e+00  2.499999e-05  9.999995e-06  3.741656e-03
       4864       4864       4864 3.00781250000000e-01 3.00781250000000e-01 3.00781250000000e-01  1.000000e+00  0.000000e+00  0.000000e+00  0.000000e+00  2.499999e-05  9.999995e-06  3.741656e-03
       4992       4992       4992 3.08593750000000e-01 3.08593750000000e-01 3.08593750000000e-01  1.000000e+00  0.000000e+00  0.000000e+00  0.000000e+00  2.499999e-05  9.999995e-06  3.741656e-03
      11264      11264      11264 6.91406250000000e-01 6.91406250000000e-01 6.91406250000000e-01  1.000000e+00  0.000000e+00  0.000000e+00  0.000000e+00  2.499999e-05  9.999995e-06  3.741656e-03
      11392      11392      11392 6.99218750000000e-01 6.99218750000000e-01 6.99218750000000e-01  1.000000e+00  0.000000e+00  0.000000e+00  0.000000e+00  2.499999e-05  9.999995e-06  3.741656e-03
      11520      11520      11520 7.07031250000000e-01 7.07031250000000e-01 7.07031250000000e-01  1.000000e+00  0.000000e+00  0.000000e+00  0.000000e+00  2.499999e-05  9.999995e-06  3.741656e-03
      11648      11648      11648 7.14843750000000e-01 7.14843750000000e-01 7.14843750000000e-01  1.000000e+00  0.000000e+00  0.000000e+00  0.000000e+00  2.499999e-05  9.999995e-06  3.741656e-03
      11776      11776      11776 7.22656250000000e-01 7.22656250000000e-01 7.22656250000000e-01  1.000000e+00  0.000000e+00  0.000000e+00  0.000000e+00  2.499999e-05  9.999995e-06  3.741656e-03
      11904      11904      11904 7.30468750000000e-01 7.30468750000000e-01 7.30468750000000e-01  1.000000e+00  0.000000e+00  0.000000e+00  0.000000e+00  2.499999e-05  9.999995e-06  3.741656e-03
      12032      12032      12032 7.38281250000000e-01 7.38281250000000e-01 7.38281250000000e-01  1.000000e+00  0.000000e+00  0.000000e+00  0.000000e+00  2.499999e-05  9.999995e-06  3.741656e-03
      12160      12160      12160 7.46093750000000e-01 7.46093750000000e-01 7.46093750000000e-01  1.000000e+00  0.000000e+00  0.000000e+00  0.000000e+00  2.499999e-05  9.999995e-06  3.741656e-03
       6144       6144       6144 3.76953125000000e-01 3.76953125000000e-01 3.76953125000000e-01  1.000000e+00  0.000000e+00  0.000000e+00  0.000000e+00  2.499999e-05  9.999995e-06  3.741656e-03
       6208       6208       6208 3.80859375000000e-01 3.80859375000000e-01 3.80859375000000e-01  1.000000e+00  0.000000e+00  0.000000e+00  0.000000e+00  2.499999e-05  9.999995e-06  3.741656e-03
       6272       6272       6272 3.84765625000000e-01 3.84765625000000e-01 3.84765625000000e-01  1.000111e+00 -2.890088e-07 -2.890081e-07 -2.890090e-07  2.501721e-05  1.000688e-05  3.742736e-03
       6336       6336       6336 3.88671875000000e-01 3.88671875000000e-01 3.88671875000000e-01  2.382349e+00 -9.302094e+00 -9.302088e+00 -9.302094e+00  1.923351e+02  5.514154e+01  5.692470e+00
       6400       6400       6400 3.92578125000000e-01 3.92578125000000e-01 3.92578125000000e-01  3.662621e+00 -2.890864e+01 -2.890864e+01 -2.890863e+01  8.257360e+02  1.933909e+02  8.597775e+00
       6464       6464       6464 3.96484375000000e-01 3.96484375000000e-01 3.96484375000000e-01  1.931518e+00 -1.385477e+01 -1.385477e+01 -1.385477e+01  5.084334e+02  1.437452e+02  1.020731e+01
       6528       6528       6528 4.00390625000000e-01 4.00390625000000e-01 4.00390625000000e-01  1.192225e+00 -7.919971e+00 -7.919972e+00 -7.919974e+00  3.801183e+02  1.204798e+02  1.189439e+01
       6592       6592       6592 4.04296875000000e-01 4.04296875000000e-01 4.04296875000000e-01  7.721070e-01 -4.795969e+00 -4.795972e+00 -4.795965e+00  3.125042e+02  1.071275e+02  1.393721e+01
       6656       6656       6656 4.08203125000000e-01 4.08203125000000e-01 4.08203125000000e-01  5.211719e-01 -3.037713e+00 -3.037715e+00 -3.037712e+00  2.755930e+02  9.961379e+01  1.635811e+01
       6720       6720       6720 4.12109375000000e-01 4.12109375000000e-01 4.12109375000000e-01  3.614784e-01 -1.990397e+00 -1.990400e+00 -1.990399e+00  2.531918e+02  9.470092e+01  1.915137e+01
       6784       6784       6784 4.16015625000000e-01 4.16015625000000e-01 4.16015625000000e-01  2.595508e-01 -1.345968e+00 -1.345955e+00 -1.345937e+00  2.394468e+02  9.159089e+01  2.222691e+01
       6848       6848       6848 4.19921875000000e-01 4.19921875000000e-01 4.19921875000000e-01  1.878002e-01 -9.241955e-01 -9.242038e-01 -9.242082e-01  2.302724e+02  8.938007e+01  2.581287e+01
       6912       6912       6912 4.23828125000000e-01 4.23828125000000e-01 4.23828125000000e-01  1.336547e-01 -6.315280e-01 -6.315372e-01 -6.315338e-01  2.242429e+02  8.790672e+01  3.034471e+01
       6976       6976       6976 4.27734375000000e-01 4.27734375000000e-01 4.27734375000000e-01  8.680475e-02 -4.075736e-01 -4.075902e-01 -4.076121e-01  2.202665e+02  8.695829e+01  3.744965e+01
       7040       7040       7040 4.31640625000000e-01 4.31640625000000e-01 4.31640625000000e-01  2.767174e-02 -1.326249e-01 -1.326518e-01 -1.326606e-01  2.169050e+02  8.638052e+01  6.610794e+01
       7104       7104       7104 4.35546875000000e-01 4.35546875000000e-01 4.35546875000000e-01  3.882140e-03 -1.472696e-02 -1.474366e-02 -1.475964e-02  2.159299e+02  8.633835e+01  1.764535e+02
       9216       9216       9216 5.64453125000000e-01 5.64453125000000e-01 5.64453125000000e-01  3.882098e-03  1.472677e-02  1.474342e-02  1.475969e-02  2.159299e+02  8.633835e+01  1.764545e+02
       9280       9280       9280 5.68359375000000e-01 5.68359375000000e-01 5.68359375000000e-01  2.767195e-02  1.326253e-01  1.326528e-01  1.326623e-01  2.169050e+02  8.638052e+01  6.610770e+01
       9344       9344       9344 5.72265625000000e-01 5.72265625000000e-01 5.72265625000000e-01  8.680472e-02  4.075734e-01  4.075899e-01  4.076123e-01  2.202665e+02  8.695831e+01  3.744966e+01
       9408       9408       9408 5.76171875000000e-01 5.76171875000000e-01 5.76171875000000e-01  1.336546e-01  6.315296e-01  6.315374e-01  6.315323e-01  2.242429e+02  8.790673e+01  3.034472e+01
       9472       9472       9472 5.80078125000000e-01 5.80078125000000e-01 5.80078125000000e-01  1.877999e-01  9.241943e-01  9.242026e-01  9.242073e-01  2.302725e+02  8.938010e+01  2.581290e+01
       9536       9536       9536 5.83984375000000e-01 5.83984375000000e-01 5.83984375000000e-01  2.595513e-01  1.345970e+00  1.345957e+00  1.345940e+00  2.394468e+02  9.159090e+01  2.222688e+01
       9600       9600       9600 5.87890625000000e-01 5.87890625000000e-01 5.87890625000000e-01  3.614787e-01  1.990399e+00  1.990400e+00  1.990401e+00  2.531918e+02  9.470090e+01  1.915136e+01
       9664       9664       9664 5.91796875000000e-01 5.91796875000000e-01 5.91796875000000e-01  5.211715e-01  3.037712e+00  3.037713e+00  3.037712e+00  2.755930e+02  9.961378e+01  1.635812e+01
       9728       9728       9728 5.95703125000000e-01 5.95703125000000e-01 5.95703125000000e-01  7.721060e-01  4.795961e+00  4.795962e+00  4.795959e+00  3.125040e+02  1.071274e+02  1.393721e+01
       9792       9792       9792 5.99609375000000e-01 5.99609375000000e-01 5.99609375000000e-01  1.192225e+00  7.919968e+00  7.919970e+00  7.919968e+00  3.801181e+02  1.204798e+02  1.189439e+01
       9856       9856       9856 6.03515625000000e-01 6.03515625000000e-01 6.03515625000000e-01  1.931515e+00  1.385475e+01  1.385475e+01  1.385475e+01  5.084330e+02  1.437451e+02  1.020732e+01
       9920       9920       9920 6.07421875000000e-01 6.07421875000000e-01 6.07421875000000e-01  3.662619e+00  2.890862e+01  2.890862e+01  2.890863e+01  8.257354e+02  1.933908e+02  8.597774e+00
       9984       9984       9984 6.11328125000000e-01 6.11328125000000e-01 6.11328125000000e-01  2.382351e+00  9.302097e+00  9.302104e+00  9.302104e+00  1.923354e+02  5.514162e+01  5.692472e+00
      10048      10048      10048 6.15234375000000e-01 6.15234375000000e-01 6.15234375000000e-01  1.000111e+00  2.890100e-07  2.890103e-07  2.890103e-07  2.501721e-05  1.000688e-05  3.742737e-03
      10112      10112      10112 6.19140625000000e-01 6.19140625000000e-01 6.19140625000000e-01  1.000000e+00  0.000000e+00  0.000000e+00  0.000000e+00  2.499999e-05  9.999995e-06  3.741656e-03
      10176      10176      10176 6.23046875000000e-01 6.23046875000000e-01 6.23046875000000e-01  1.000000e+00  0.000000e+00  0.000000e+00  0.000000e+00  2.499999e-05  9.999995e-06  3.741656e-03
       5120       5120       5120 3.14453125000000e-01 3.14453125000000e-01 3.14453125000000e-01  1.000000e+00  0.000000e+00  0.000000e+00  0.000000e+00  2.499999e-05  9.999995e-06  3.741656e-03
       5184       5184       5184 3.18359375000000e-01 3.18359375000000e-01 3.18359375000000e-01  1.000000e+00  0.000000e+00  0.000000e+00  0.000000e+00  2.499999e-05  9.999995e-06  3.741656e-03
       5248       5248       5248 3.22265625000000e-01 3.22265625000000e-01 3.22265625000000e-01  1.000000e+00  0.000000e+00  0.000000e+00  0.000000e+00  2.499999e-05  9.999995e-06  3.741656e-03
       5312       5312       5312 3.26171875000000e-01 3.26171875000000e-01 3.26171875000000e-01  1.000000e+00  0.000000e+00  0.000000e+00  0.000000e+00  2.499999e-05  9.999995e-06  3.741656e-03
       5376       5376       5376 3.30078125000000e-01 3.30078125000000e-01 3.30078125000000e-01  1.000000e+00  0.000000e+00  0.000000e+00  0.000000e+00  2.499999e-05  9.999995e-06  3.741656e-03
       5440       5440       5440 3.33984375000000e-01 3.33984375000000e-01 3.33984375000000e-01  1.000000e+00  0.000000e+00  0.000000e+00  0.000000e+00  2.499999e-05  9.999995e-06  3.741656e-03
       5504       5504       5504 3.37890625000000e-01 3.37890625000000e-01 3.37890625000000e-01  1.000000e+00  0.000000e+00  0.000000e+00  0.000000e+00  2.499999e-05  9.999995e-06  3.741656e-03
       5568       5568       5568 3.41796875000000e-01 3.41796875000000e-01 3.41796875000000e-01  1.000000e+00  0.000000e+00  0.000000e+00  0.000000e+00  2.499999e-05  9.999995e-06  3.741656e-03
       5632       5632       5632 3.45703125000000e-01 3.45703125000000e-01 3.45703125000000e-01  1.000000e+00  0.000000e+00  0.000000e+00  0.000000e+00  2.499999e-05  9.999995e-06  3.741656e-03
       5696       5696       5696 3.49609375000000e-01 3.49609375000000e-01 3.49609375000000e-01  1.000000e+00  0.000000e+00  0.000000e+00  0.000000e+00  2.499999e-05  9.999995e-06  3.741656e-03
       5760       5760       5760 3.53515625000000e-01 3.53515625000000e-01 3.53515625000000e-01  1.000000e+00  0.000000e+00  0.000000e+00  0.000000e+00  2.499999e-05  9.999995e-06  3.741656e-03
       5824       5824       5824 3.57421875000000e-01 3.57421875000000e-01 3.57421875000000e-01  1.000000e+00  0.000000e+00  0.000000e+00  0.000000e+00  2.499999e-05  9.999995e-06  3.741656e-03
       5888       5888       5888 3.61328125000000e-01 3.61328125000000e-01 3.61328125000000e-01  1.000000e+00 -1.110223e-16 -1.110223e-16 -1.110223e-16  2.499999e-05  9.999995e-06  3.741656e-03
       5952       5952       5952 3.65234375000000e-01 3.65234375000000e-01 3.65234375000000e-01  1.000000e+00 -3.330669e-16 -3.330669e-16 -3.330669e-16  2.499999e-05  9.999995e-06  3.741656e-03
       6016       6016       6016 3.69140625000000e-01 3.69140625000000e-01 3.69140625000000e-01  1.000000e+00 -3.275158e-15 -3.275158e-15 -3.275158e-15  2.499999e-05  9.999995e-06  3.741656e-03
       6080       6080       6080 3.73046875000000e-01 3.73046875000000e-01 3.73046875000000e-01  1.000000e+00 -3.275158e-15 -3.275158e-15 -3.275158e-15  2.499999e-05  9.999995e-06  3.741656e-03
      10240      10240      10240 6.26953125000000e-01 6.26953125000000e-01 6.26953125000000e-01  1.000000e+00  3.275158e-15  3.275158e-15  3.275158e-15  2.499999e-05  9.999995e-06  3.741656e-03
      10304      10304      10304 6.30859375000000e-01 6.30859375000000e-01 6.30859375000000e-01  1.000000e+00  3.275158e-15  3.275158e-15  3.275158e-15  2.499999e-05  9.999995e-06  3.741656e-03
      10368      10368      10368 6.34765625000000e-01 6.34765625000000e-01 6.34765625000000e-01  1.000000e+00  3.330669e-16  3.330669e-16  3.330669e-16  2.499999e-05  9.999995e-06  3.741656e-03
      10432      10432      10432 6.38671875000000e-01 6.38671875000000e-01 6.38671875000000e-01  1.000000e+00  1.110223e-16  1.110223e-16  1.110223e-16  2.499999e-05  9.999995e-06  3.741656e-03
      10496      10496      10496 6.42578125000000e-01 6.42578125000000e-01 6.42578125000000e-01  1.000000e+00  0.000000e+00  0.000000e+00  0.000000e+00  2.499999e-05  9.999995e-06  3.741656e-03
      10560      10560      10560 6.46484375000000e-01 6.46484375000000e-01 6.46484375000000e-01  1.000000e+00  0.000000e+00  0.000000e+00  0.000000e+00  2.499999e-05  9.999995e-06  3.741656e-03
      10624      10624      10624 6.50390625000000e-01 6.50390625000000e-01 6.50390625000000e-01  1.000000e+00  0.000000e+00  0.000000e+00  0.000000e+00  2.499999e-05  9.999995e-06  3.741656e-03
      10688      10688      10688 6.54296875000000e-01 6.54296875000000e-01 6.54296875000000e-01  1.000000e+00  0.000000e+00  0.000000e+00  0.000000e+00  2.499999e-05  9.999995e-06  3.741656e-03
      10752      10752      10752 6.58203125000000e-01 6.58203125000000e-01 6.58203125000000e-01  1.000000e+00  0.000000e+00  0.000000e+00  0.000000e+00  2.499999e-05  9.999995e-06  3.741656e-03
      10816      10816      10816 6.62109375000000e-01 6.62109375000000e-01 6.62109375000000e-01  1.000000e+00  0.000000e+00  0.000000e+00  0.000000e+00  2.499999e-05  9.999995e-06  3.741656e-03
      10880      10880      10880 6.66015625000000e-01 6.66015625000000e-01 6.66015625000000e-01  1.000000e+00  0.000000e+00  0.000000e+00  0.000000e+00  2.499999e-05  9.999995e-06  3.741656e-03
      10944      10944      10944 6.69921875000000e-01 6.69921875000000e-01 6.69921875000000e-01  1.000000e+00  0.000000e+00  0.000000e+00  0.000000e+00  2.499999e-05  9.999995e-06  3.741656e-03
      11008      11008      11008 6.73828125000000e-01 6.73828125000000e-01 6.73828125000000e-01  1.000000e+00  0.000000e+00  0.000000e+00  0.000000e+00  2.499999e-05  9.999995e-06  3.741656e-03
      11072      11072      11072 6.77734375000000e-01 6.77734375000000e-01 6.77734375000000e-01  1.000000e+00  0.000000e+00  0.000000e+00  0.000000e+00  2.499999e-05  9.999995e-06  3.741656e-03
      11136      11136      11136 6.81640625000000e-01 6.81640625000000e-01 6.81640625000000e-01  1.000000e+00  0.000000e+00  0.000000e+00  0.000000e+00  2.499999e-05  9.999995e-06  3.741656e-03
      11200      11200      11200 6.85546875000000e-01 6.85546875000000e-01 6.85546875000000e-01  1.000000e+00  0.000000e+00  0.000000e+00  0.000000e+00  2.499999e-05  9.999995e-06  3.741656e-03
