#         i          j          k                    x                    y                    z          Dens          MomX          MomY          MomZ          Engy      Pressure   Sound speed
          0          0          0 7.81250000000000e-03 7.81250000000000e-03 7.81250000000000e-03  1.000000e+00  0.000000e+00  0.000000e+00  0.000000e+00  2.499999e-05  9.999995e-06  3.741656e-03
        256        256        256 2.34375000000000e-02 2.34375000000000e-02 2.34375000000000e-02  1.000000e+00  0.000000e+00  0.000000e+00  0.000000e+00  2.499999e-05  9.999995e-06  3.741656e-03
        512        512        512 3.90625000000000e-02 3.90625000000000e-02 3.90625000000000e-02  1.000000e+00  0.000000e+00  0.000000e+00  0.000000e+00  2.499999e-05  9.999995e-06  3.741656e-03
        768        768        768 5.46875000000000e-02 5.46875000000000e-02 5.46875000000000e-02  1.000000e+00  0.000000e+00  0.000000e+00  0.000000e+00  2.499999e-05  9.999995e-06  3.741656e-03
       1024       1024       1024 7.03125000000000e-02 7.03125000000000e-02 7.03125000000000e-02  1.000000e+00  0.000000e+00  0.000000e+00  0.000000e+00  2.499999e-05  9.999995e-06  3.741656e-03
       1280       1280       1280 8.59375000000000e-02 8.59375000000000e-02 8.59375000000000e-02  1.000000e+00  0.000000e+00  0.000000e+00  0.000000e+00  2.499999e-05  9.999995e-06  3.741656e-03
       1536       1536       1536 1.01562500000000e-01 1.01562500000000e-01 1.01562500000000e-01  1.000000e+00  0.000000e+00  0.000000e+00  0.000000e+00  2.499999e-05  9.999995e-06  3.741656e-03
       1792       1792       1792 1.17187500000000e-01 1.17187500000000e-01 1.17187500000000e-01  1.000000e+00  0.000000e+00  0.000000e+00  0.000000e+00  2.499999e-05  9.999995e-06  3.741656e-03
       2048       2048       2048 1.32812500000000e-01 1.32812500000000e-01 1.32812500000000e-01  1.000000e+00  0.000000e+00  0.000000e+00  0.000000e+00  2.499999e-05  9.999995e-06  3.741656e-03
       2304       2304       2304 1.48437500000000e-01 1.48437500000000e-01 1.48437500000000e-01  1.000000e+00  0.000000e+00  0.000000e+00  0.000000e+00  2.499999e-05  9.999995e-06  3.741656e-03
       2560       2560       2560 1.64062500000000e-01 1.64062500000000e-01 1.64062500000000e-01  1.000000e+00  0.000000e+00  0.000000e+00  0.000000e+00  2.499999e-05  9.999995e-06  3.741656e-03
       2816       2816       2816 1.79687500000000e-01 1.79687500000000e-01 1.79687500000000e-01  1.000000e+00  0.000000e+00  0.000000e+00  0.000000e+00  2.499999e-05  9.999995e-06  3.741656e-03
       3072       3072       3072 1.95312500000000e-01 1.95312500000000e-01 1.95312500000000e-01  1.000000e+00  0.000000e+00  0.000000e+00  0.000000e+00  2.499999e-05  9.999995e-06  3.741656e-03
       3328       3328       3328 2.10937500000000e-01 2.10937500000000e-01 2.10937500000000e-01  1.000000e+00  0.000000e+00  0.000000e+00  0.000000e+00  2.499999e-05  9.999995e-06  3.741656e-03
       3584       3584       3584 2.26562500000000e-01 2.26562500000000e-01 2.26562500000000e-01  1.000000e+00  0.000000e+00  0.000000e+00  0.000000e+00  2.499999e-05  9.999995e-06  3.741656e-03
       3840       3840       3840 2.42187500000000e-01 2.42187500000000e-01 2.42187500000000e-01  1.000000e+00  0.000000e+00  0.000000e+00  0.000000e+00  2.499999e-05  9.999995e-06  3.741656e-03
      12288      12288      12288 7.57812500000000e-01 7.57812500000000e-01 7.57812500000000e-01  1.000000e+00  0.000000e+00  0.000000e+00  0.000000e+00  2.499999e-05  9.999995e-06  3.741656e-03
      12544      12544      12544 7.73437500000000e-01 7.73437500000000e-01 7.73437500000000e-01  1.000000e+00  0.000000e+00  0.000000e+00  0.000000e+00  2.499999e-05  9.999995e-06  3.741656e-03
      12800      12800      12800 7.89062500000000e-01 7.89062500000000e-01 7.89062500000000e-01  1.000000e+00  0.000000e+00  0.000000e+00  0.000000e+00  2.499999e-05  9.999995e-06  3.741656e-03
      13056      13056      13056 8.04687500000000e-01 8.04687500000000e-01 8.04687500000000e-01  1.000000e+00  0.000000e+00  0.000000e+00  0.000000e+00  2.499999e-05  9.999995e-06  3.741656e-03
      13312      13312      13312 8.20312500000000e-01 8.20312500000000e-01 8.20312500000000e-01  1.000000e+00  0.000000e+00  0.000000e+00  0.000000e+00  2.499999e-05  9.999995e-06  3.741656e-03
      13568      13568      13568 8.35937500000000e-01 8.35937500000000e-01 8.35937500000000e-01  1.000000e+00  0.000000e+00  0.000000e+00  0.000000e+00  2.499999e-05  9.999995e-06  3.741656e-03
      13824      13824      13824 8.51562500000000e-01 8.51562500000000e-01 8.51562500000000e-01  1.000000e+00  0.000000e+00  0.000000e+00  0.000000e+00  2.499999e-05  9.999995e-06  3.741656e-03
      14080      14080      14080 8.67187500000000e-01 8.67187500000000e-01 8.67187500000000e-01  1.000000e+00  0.000000e+00  0.000000e+00  0.000000e+00  2.499999e-05  9.999995e-06  3.741656e-03
      14336      14336      14336 8.82812500000000e-01 8.82812500000000e-01 8.82812500000000e-01  1.000000e+00  0.000000e+00  0.000000e+00  0.000000e+00  2.499999e-05  9.999995e-06  3.741656e-03
      14592      14592      14592 8.98437500000000e-01 8.98437500000000e-01 8.98437500000000e-01  1.000000e+00  0.000000e+00  0.000000e+00  0.000000e+00  2.499999e-05  9.999995e-06  3.741656e-03
      14848      14848      14848 9.14062500000000e-01 9.14062500000000e-01 9.14062500000000e-01  1.000000e+00  0.000000e+00  0.000000e+00  0.000000e+00  2.499999e-05  9.999995e-06  3.741656e-03
      15104      15104      15104 9.29687500000000e-01 9.29687500000000e-01 9.29687500000000e-01  1.000000e+00  0.000000e+00  0.000000e+00  0.000000e+00  2.499999e-05  9.999995e-06  3.741656e-03
      15360      15360      15360 9.45312500000000e-01 9.45312500000000e-01 9.45312500000000e-01  1.000000e+00  0.000000e+00  0.000000e+00  0.000000e+00  2.499999e-05  9.999995e-06  3.741656e-03
      15616      15616      15616 9.60937500000000e-01 9.60937500000000e-01 9.60937500000000e-01  1.000000e+00  0.000000e+00  0.000000e+00  0.000000e+00  2.499999e-05  9.999995e-06  3.741656e-03
      15872      15872      15872 9.76562500000000e-01 9.76562500000000e-01 9.76562500000000e-01  1.000000e+00  0.000000e+00  0.000000e+00  0.000000e+00  2.499999e-05  9.999995e-06  3.741656e-03
      16128      16128      16128 9.92187500000000e-01 9.92187500000000e-01 9.92187500000000e-01  1.000000e+00  0.000000e+00  0.000000e+00  0.000000e+00  2.499999e-05  9.999995e-06  3.741656e-03
       4096       4096       4096 2.53906250000000e-01 2.53906250000000e-01 2.53906250000000e-01  1.000000e+00  0.000000e+00  0.000000e+00  0.000000e+00  2.499999e-05  9.999995e-06  3.741656e-03
       4224       4224       4224 2.61718750000000e-01 2.61718750000000e-01 2.61718750000000e-01  1.000000e+00  0.000000e+00  0.000000e+00  0.000000e+00  2.499999e-05  9.999995e-06  3.741656e-03
       4352       4352       4352 2.69531250000000e-01 2.69531250000000e-01 2.69531250000000e-01  1.000000e+00  0.000000e+00  0.000000e+00  0.000000e+00  2.499999e-05  9.999995e-06  3.741656e-03
       4480       4480       4480 2.77343750000000e-01 2.77343750000000e-01 2.77343750000000e-01  1.000000e+00  0.000000e+00  0.000000e+00  0.000000e+00  2.499999e-05  9.999995e-06  3.741656e-03
       4608       4608       4608 2.85156250000000e-01 2.85156250000000e-01 2.85156250000000e-01  1.000000e+00  0.000000e+00  0.000000e+00  0.000000e+00  2.499999e-05  9.999995e-06  3.741656e-03
       4736       4736       4736 2.92968750000000e-01 2.92968750000000e-01 2.92968750000000e-01  1.000000e+00  0.000000e+00  0.000000e+00  0.000000e+00  2.499999e-05  9.999995e-06  3.741656e-03
       4864       4864       4864 3.00781250000000e-01 3.00781250000000e-01 3.00781250000000e-01  1.000000e+00  0.000000e+00  0.000000e+00  0.000000e+00  2.499999e-05  9.999995e-06  3.741656e-03
       4992       4992       4992 3.08593750000000e-01 3.08593750000000e-01 3.08593750000000e-01  1.000000e+00  0.000000e+00  0.000000e+00  0.000000e+00  2.499999e-05  9.999995e-06  3.741656e-03
      11264      11264      11264 6.91406250000000e-01 6.91406250000000e-01 6.91406250000000e-01  1.000000e+00  0.000000e+00  0.000000e+00  0.000000e+00  2.499999e-05  9.999995e-06  3.741656e-03
      11392      11392      11392 6.99218750000000e-01 6.99218750000000e-01 6.99218750000000e-01  1.000000e+00  0.000000e+00  0.000000e+00  0.000000e+00  2.499999e-05  9.999995e-06  3.741656e-03
      11520      11520      11520 7.07031250000000e-01 7.07031250000000e-01 7.07031250000000e-01  1.000000e+00  0.000000e+00  0.000000e+00  0.000000e+00  2.499999e-05  9.999995e-06  3.741656e-03
      11648      11648      11648 7.14843750000000e-01 7.14843750000000e-01 7.14843750000000e-01  1.000000e+00  0.000000e+00  0.000000e+00  0.000000e+00  2.499999e-05  9.999995e-06  3.741656e-03
      11776      11776      11776 7.22656250000000e-01 7.22656250000000e-01 7.22656250000000e-01  1.000000e+00  0.000000e+00  0.000000e+00  0.000000e+00  2.499999e-05  9.999995e-06  3.741656e-03
      11904      11904      11904 7.30468750000000e-01 7.30468750000000e-01 7.30468750000000e-01  1.000000e+00  0.000000e+00  0.000000e+00  0.000000e+00  2.499999e-05  9.999995e-06  3.741656e-03
      12032      12032      12032 7.38281250000000e-01 7.38281250000000e-01 7.38281250000000e-01  1.000000e+00  0.000000e+00  0.000000e+00  0.000000e+00  2.499999e-05  9.999995e-06  3.741656e-03
      12160      12160      12160 7.46093750000000e-01 7.46093750000000e-01 7.46093750000000e-01  1.000000e+00  0.000000e+00  0.000000e+00  0.000000e+00  2.499999e-05  9.999995e-06  3.741656e-03
       7168       7168       7168 4.39453125000000e-01 4.39453125000000e-01 4.39453125000000e-01  4.836061e-02 -3.084682e-01 -3.084689e-01 -3.084683e-01  3.538399e+02  1.403554e+02  6.374303e+01
       7232       7232       7232 4.43359375000000e-01 4.43359375000000e-01 4.43359375000000e-01  4.322242e-03 -2.386608e-02 -2.386604e-02 -2.386585e-02  3.503976e+02  1.400800e+02  2.130088e+02
       7296       7296       7296 4.47265625000000e-01 4.47265625000000e-01 4.47265625000000e-01  3.151324e-03 -1.174495e-02 -1.174493e-02 -1.174483e-02  3.501124e+02  1.400187e+02  2.494080e+02
       7360       7360       7360 4.51171875000000e-01 4.51171875000000e-01 4.51171875000000e-01  2.762274e-03 -7.534723e-03 -7.534686e-03 -7.534587e-03  3.499222e+02  1.399565e+02  2.663344e+02
       7424       7424       7424 4.55078125000000e-01 4.55078125000000e-01 4.55078125000000e-01  2.212158e-03 -5.013059e-03 -5.013120e-03 -5.013033e-03  3.497434e+02  1.398905e+02  2.975433e+02
       7488       7488       7488 4.58984375000000e-01 4.58984375000000e-01 4.58984375000000e-01  1.707771e-03 -3.866418e-03 -3.866471e-03 -3.866379e-03  3.496032e+02  1.398360e+02  3.385780e+02
       7552       7552       7552 4.62890625000000e-01 4.62890625000000e-01 4.62890625000000e-01  1.614695e-03 -4.451622e-03 -4.451567e-03 -4.451555e-03  3.495336e+02  1.398061e+02  3.481623e+02
       7616       7616       7616 4.66796875000000e-01 4.66796875000000e-01 4.66796875000000e-01  1.598723e-03 -4.283527e-03 -4.283521e-03 -4.283461e-03  3.494579e+02  1.397763e+02  3.498598e+02
       7680       7680       7680 4.70703125000000e-01 4.70703125000000e-01 4.70703125000000e-01  1.592209e-03 -3.716197e-03 -3.716117e-03 -3.716181e-03  3.493911e+02  1.397512e+02  3.505434e+02
       7744       7744       7744 4.74609375000000e-01 4.74609375000000e-01 4.74609375000000e-01  1.589573e-03 -2.964753e-03 -2.964767e-03 -2.964719e-03  3.493429e+02  1.397338e+02  3.508121e+02
       7808       7808       7808 4.78515625000000e-01 4.78515625000000e-01 4.78515625000000e-01  1.589179e-03 -2.433473e-03 -2.433417e-03 -2.433463e-03  3.493125e+02  1.397228e+02  3.508417e+02
       7872       7872       7872 4.82421875000000e-01 4.82421875000000e-01 4.82421875000000e-01  1.592883e-03 -2.008996e-03 -2.008883e-03 -2.008919e-03  3.492936e+02  1.397159e+02  3.504249e+02
       7936       7936       7936 4.86328125000000e-01 4.86328125000000e-01 4.86328125000000e-01  1.633598e-03 -1.507914e-03 -1.507864e-03 -1.507869e-03  3.492725e+02  1.397082e+02  3.460209e+02
       8000       8000       8000 4.90234375000000e-01 4.90234375000000e-01 4.90234375000000e-01  1.650509e-03 -1.175105e-03 -1.175181e-03 -1.175154e-03  3.492663e+02  1.397060e+02  3.442410e+02
       8064       8064       8064 4.94140625000000e-01 4.94140625000000e-01 4.94140625000000e-01  1.627849e-03 -8.005752e-04 -8.006027e-04 -8.005634e-04  3.492697e+02  1.397077e+02  3.466307e+02
       8128       8128       8128 4.98046875000000e-01 4.98046875000000e-01 4.98046875000000e-01  1.627770e-03 -2.979888e-04 -2.980328e-04 -2.980520e-04  3.492549e+02  1.397019e+02  3.466321e+02
       8192       8192       8192 5.01953125000000e-01 5.01953125000000e-01 5.01953125000000e-01  1.627772e-03  2.981001e-04  2.980430e-04  2.980667e-04  3.492549e+02  1.397019e+02  3.466318e+02
       8256       8256       8256 5.05859375000000e-01 5.05859375000000e-01 5.05859375000000e-01  1.627849e-03  8.005442e-04  8.006362e-04  8.006421e-04  3.492698e+02  1.397077e+02  3.466308e+02
       8320       8320       8320 5.09765625000000e-01 5.09765625000000e-01 5.09765625000000e-01  1.650509e-03  1.175138e-03  1.175126e-03  1.175086e-03  3.492663e+02  1.397060e+02  3.442410e+02
       8384       8384       8384 5.13671875000000e-01 5.13671875000000e-01 5.13671875000000e-01  1.633601e-03  1.507885e-03  1.507819e-03  1.507810e-03  3.492726e+02  1.397082e+02  3.460206e+02
       8448       8448       8448 5.17578125000000e-01 5.17578125000000e-01 5.17578125000000e-01  1.592878e-03  2.008955e-03  2.008931e-03  2.009068e-03  3.492936e+02  1.397159e+02  3.504255e+02
       8512       8512       8512 5.21484375000000e-01 5.21484375000000e-01 5.21484375000000e-01  1.589176e-03  2.433518e-03  2.433414e-03  2.433418e-03  3.493125e+02  1.397228e+02  3.508420e+02
       8576       8576       8576 5.25390625000000e-01 5.25390625000000e-01 5.25390625000000e-01  1.589572e-03  2.964686e-03  2.964703e-03  2.964719e-03  3.493429e+02  1.397339e+02  3.508122e+02
       8640       8640       8640 5.29296875000000e-01 5.29296875000000e-01 5.29296875000000e-01  1.592208e-03  3.716147e-03  3.716166e-03  3.716212e-03  3.493911e+02  1.397512e+02  3.505436e+02
       8704       8704       8704 5.33203125000000e-01 5.33203125000000e-01 5.33203125000000e-01  1.598722e-03  4.283516e-03  4.283451e-03  4.283403e-03  3.494578e+02  1.397762e+02  3.498599e+02
       8768       8768       8768 5.37109375000000e-01 5.37109375000000e-01 5.37109375000000e-01  1.614695e-03  4.451533e-03  4.451591e-03  4.451606e-03  3.495335e+02  1.398061e+02  3.481623e+02
       8832       8832       8832 5.41015625000000e-01 5.41015625000000e-01 5.41015625000000e-01  1.707768e-03  3.866384e-03  3.866365e-03  3.866377e-03  3.496031e+02  1.398360e+02  3.385783e+02
       8896       8896       8896 5.44921875000000e-01 5.44921875000000e-01 5.44921875000000e-01  2.212159e-03  5.013051e-03  5.013052e-03  5.013029e-03  3.497434e+02  1.398905e+02  2.975432e+02
       8960       8960       8960 5.48828125000000e-01 5.48828125000000e-01 5.48828125000000e-01  2.762273e-03  7.534664e-03  7.534651e-03  7.534630e-03  3.499221e+02  1.399565e+02  2.663344e+02
       9024       9024       9024 5.52734375000000e-01 5.52734375000000e-01 5.52734375000000e-01  3.151323e-03  1.174488e-02  1.174495e-02  1.174492e-02  3.501124e+02  1.400187e+02  2.494081e+02
       9088       9088       9088 5.56640625000000e-01 5.56640625000000e-01 5.56640625000000e-01  4.322241e-03  2.386596e-02  2.386601e-02  2.386604e-02  3.503976e+02  1.400800e+02  2.130088e+02
       9152       9152       9152 5.60546875000000e-01 5.60546875000000e-01 5.60546875000000e-01  4.836031e-02  3.084668e-01  3.084664e-01  3.084663e-01  3.538397e+02  1.403554e+02  6.374321e+01
       6144       6144       6144 3.76953125000000e-01 3.76953125000000e-01 3.76953125000000e-01  1.000000e+00  0.000000e+00  0.000000e+00  0.000000e+00  2.499999e-05  9.999995e-06  3.741656e-03
       6208       6208       6208 3.80859375000000e-01 3.80859375000000e-01 3.80859375000000e-01  1.000000e+00  0.000000e+00  0.000000e+00  0.000000e+00  2.499999e-05  9.999995e-06  3.741656e-03
       6272       6272       6272 3.84765625000000e-01 3.84765625000000e-01 3.84765625000000e-01  1.000000e+00  0.000000e+00  0.000000e+00  0.000000e+00  2.499999e-05  9.999995e-06  3.741656e-03
       6336       6336       6336 3.88671875000000e-01 3.88671875000000e-01 3.88671875000000e-01  1.000000e+00  0.000000e+00  0.000000e+00  0.000000e+00  2.499999e-05  9.999995e-06  3.741656e-03
       6400       6400       6400 3.92578125000000e-01 3.92578125000000e-01 3.92578125000000e-01  1.000000e+00  0.000000e+00  0.000000e+00  0.000000e+00  2.499999e-05  9.999995e-06  3.741656e-03
       6464       6464       6464 3.96484375000000e-01 3.96484375000000e-01 3.96484375000000e-01  1.000000e+00  0.000000e+00  0.000000e+00  0.000000e+00  2.499999e-05  9.999995e-06  3.741656e-03
       6528       6528       6528 4.00390625000000e-01 4.00390625000000e-01 4.00390625000000e-01  1.000000e+00 -9.727475e-11 -9.727475e-11 -9.727475e-11  2.499999e-05  9.999995e-06  3.741656e-03
       6592       6592       6592 4.04296875000000e-01 4.04296875000000e-01 4.04296875000000e-01  1.246218e+00 -7.881783e-01 -7.881780e-01 -7.881781e-01  1.384866e+01  5.240370e+00  2.426319e+00
       6656       6656       6656 4.08203125000000e-01 4.08203125000000e-01 4.08203125000000e-01  3.979569e+00 -4.095322e+01 -4.095322e+01 -4.095322e+01  1.460332e+03  3.312662e+02  1.079529e+01
       6720       6720       6720 4.12109375000000e-01 4.12109375000000e-01 4.12109375000000e-01  1.840144e+00 -1.668293e+01 -1.668293e+01 -1.668292e+01  7.962379e+02  2.277457e+02  1.316325e+01
       6784       6784       6784 4.16015625000000e-01 4.16015625000000e-01 4.16015625000000e-01  1.047093e+00 -8.685628e+00 -8.685626e+00 -8.685624e+00  5.782103e+02  1.880558e+02  1.585677e+01
       6848       6848       6848 4.19921875000000e-01 4.19921875000000e-01 4.19921875000000e-01  6.447433e-01 -4.958611e+00 -4.958609e+00 -4.958609e+00  4.762684e+02  1.676259e+02  1.907836e+01
       6912       6912       6912 4.23828125000000e-01 4.23828125000000e-01 4.23828125000000e-01  4.227735e-01 -3.021569e+00 -3.021568e+00 -3.021569e+00  4.227605e+02  1.561471e+02  2.273930e+01
       6976       6976       6976 4.27734375000000e-01 4.27734375000000e-01 4.27734375000000e-01  2.878339e-01 -1.926112e+00 -1.926113e+00 -1.926115e+00  3.920241e+02  1.490762e+02  2.692757e+01
       7040       7040       7040 4.31640625000000e-01 4.31640625000000e-01 4.31640625000000e-01  1.966572e-01 -1.242919e+00 -1.242921e+00 -1.242922e+00  3.731785e+02  1.445581e+02  3.207970e+01
       7104       7104       7104 4.35546875000000e-01 4.35546875000000e-01 4.35546875000000e-01  1.258838e-01 -7.731191e-01 -7.731204e-01 -7.731194e-01  3.619340e+02  1.419247e+02  3.972904e+01
       9216       9216       9216 5.64453125000000e-01 5.64453125000000e-01 5.64453125000000e-01  1.258835e-01  7.731177e-01  7.731174e-01  7.731147e-01  3.619340e+02  1.419247e+02  3.972910e+01
       9280       9280       9280 5.68359375000000e-01 5.68359375000000e-01 5.68359375000000e-01  1.966572e-01  1.242919e+00  1.242919e+00  1.242919e+00  3.731785e+02  1.445581e+02  3.207969e+01
       9344       9344       9344 5.72265625000000e-01 5.72265625000000e-01 5.72265625000000e-01  2.878338e-01  1.926113e+00  1.926112e+00  1.926113e+00  3.920239e+02  1.490761e+02  2.692757e+01
       9408       9408       9408 5.76171875000000e-01 5.76171875000000e-01 5.76171875000000e-01  4.227733e-01  3.021567e+00  3.021567e+00  3.021569e+00  4.227606e+02  1.561471e+02  2.273931e+01
       9472       9472       9472 5.80078125000000e-01 5.80078125000000e-01 5.80078125000000e-01  6.447431e-01  4.958606e+00  4.958605e+00  4.958607e+00  4.762685e+02  1.676259e+02  1.907837e+01
       9536       9536       9536 5.83984375000000e-01 5.83984375000000e-01 5.83984375000000e-01  1.047093e+00  8.685635e+00  8.685629e+00  8.685630e+00  5.782104e+02  1.880558e+02  1.585677e+01
       9600       9600       9600 5.87890625000000e-01 5.87890625000000e-01 5.87890625000000e-01  1.840143e+00  1.668292e+01  1.668292e+01  1.668291e+01  7.962379e+02  2.277457e+02  1.316326e+01
       9664       9664       9664 5.91796875000000e-01 5.91796875000000e-01 5.91796875000000e-01  3.979566e+00  4.095319e+01  4.095320e+01  4.095319e+01  1.460331e+03  3.312661e+02  1.079530e+01
       9728       9728       9728 5.95703125000000e-01 5.95703125000000e-01 5.95703125000000e-01  1.246218e+00  7.881793e-01  7.881797e-01  7.881795e-01  1.384869e+01  5.240382e+00  2.426322e+00
       9792       9792       9792 5.99609375000000e-01 5.99609375000000e-01 5.99609375000000e-01  1.000000e+00  9.727565e-11  9.727565e-11  9.727566e-11  2.499999e-05  9.999995e-06  3.741656e-03
       9856       9856       9856 6.03515625000000e-01 6.03515625000000e-01 6.03515625000000e-01  1.000000e+00  0.000000e+00  0.000000e+00  0.000000e+00  2.499999e-05  9.999995e-06  3.741656e-03
       9920       9920       9920 6.07421875000000e-01 6.07421875000000e-01 6.07421875000000e-01  1.000000e+00  0.000000e+00  0.000000e+00  0.000000e+00  2.499999e-05  9.999995e-06  3.741656e-03
       9984       9984       9984 6.11328125000000e-01 6.11328125000000e-01 6.11328125000000e-01  1.000000e+00  0.000000e+00  0.000000e+00  0.000000e+00  2.499999e-05  9.999995e-06  3.741656e-03
      10048      10048      10048 6.15234375000000e-01 6.15234375000000e-01 6.15234375000000e-01  1.000000e+00  0.000000e+00  0.000000e+00  0.000000e+00  2.499999e-05  9.999995e-06  3.741656e-03
      10112      10112      10112 6.19140625000000e-01 6.19140625000000e-01 6.19140625000000e-01  1.000000e+00  0.000000e+00  0.000000e+00  0.000000e+00  2.499999e-05  9.999995e-06  3.741656e-03
      10176      10176      10176 6.23046875000000e-01 6.23046875000000e-01 6.23046875000000e-01  1.000000e+00  0.000000e+00  0.000000e+00  0.000000e+00  2.499999e-05  9.999995e-06  3.741656e-03
       5120       5120       5120 3.14453125000000e-01 3.14453125000000e-01 3.14453125000000e-01  1.000000e+00  0.000000e+00  0.000000e+00  0.000000e+00  2.499999e-05  9.999995e-06  3.741656e-03
       5184       5184       5184 3.18359375000000e-01 3.18359375000000e-01 3.18359375000000e-01  1.000000e+00  0.000000e+00  0.000000e+00  0.000000e+00  2.499999e-05  9.999995e-06  3.741656e-03
       5248       5248       5248 3.22265625000000e-01 3.22265625000000e-01 3.22265625000000e-01  1.000000e+00  0.000000e+00  0.000000e+00  0.000000e+00  2.499999e-05  9.999995e-06  3.741656e-03
       5312       5312       5312 3.26171875000000e-01 3.26171875000000e-01 3.26171875000000e-01  1.000000e+00  0.000000e+00  0.000000e+00  0.000000e+00  2.499999e-05  9.999995e-06  3.741656e-03
       5376       5376       5376 3.30078125000000e-01 3.30078125000000e-01 3.30078125000000e-01  1.000000e+00  0.000000e+00  0.000000e+00  0.000000e+00  2.499999e-05  9.999995e-06  3.741656e-03
       5440       5440       5440 3.33984375000000e-01 3.33984375000000e-01 3.33984375000000e-01  1.000000e+00  0.000000e+00  0.000000e+00  0.000000e+00  2.499999e-05  9.999995e-06  3.741656e-03
       5504       5504       5504 3.37890625000000e-01 3.37890625000000e-01 3.37890625000000e-01  1.000000e+00  0.000000e+00  0.000000e+00  0.000000e+00  2.499999e-05  9.999995e-06  3.741656e-03
       5568       5568       5568 3.41796875000000e-01 3.41796875000000e-01 3.41796875000000e-01  1.000000e+00  0.000000e+00  0.000000e+00  0.000000e+00  2.499999e-05  9.999995e-06  3.741656e-03
       5632       5632       5632 3.45703125000000e-01 3.45703125000000e-01 3.45703125000000e-01  1.000000e+00  0.000000e+00  0.000000e+00  0.000000e+00  2.499999e-05  9.999995e-06  3.741656e-03
       5696       5696       5696 3.49609375000000e-01 3.49609375000000e-01 3.49609375000000e-01  1.000000e+00  0.000000e+00  0.000000e+00  0.000000e+00  2.499999e-05  9.999995e-06  3.741656e-03
       5760       5760       5760 3.53515625000000e-01 3.53515625000000e-01 3.53515625000000e-01  1.000000e+00  0.000000e+00  0.000000e+00  0.000000e+00  2.499999e-05  9.999995e-06  3.741656e-03
       5824       5824       5824 3.57421875000000e-01 3.57421875000000e-01 3.57421875000000e-01  1.000000e+00  0.000000e+00  0.000000e+00  0.000000e+00  2.499999e-05  9.999995e-06  3.741656e-03
       5888       5888       5888 3.61328125000000e-01 3.61328125000000e-01 3.61328125000000e-01  1.000000e+00 -1.110223e-16 -1.110223e-16 -1.110223e-16  2.499999e-05  9.999995e-06  3.741656e-03
       5952       5952       5952 3.65234375000000e-01 3.65234375000000e-01 3.65234375000000e-01  1.000000e+00 -3.330669e-16 -3.330669e-16 -3.330669e-16  2.499999e-05  9.999995e-06  3.741656e-03
       6016       6016       6016 3.69140625000000e-01 3.69140625000000e-01 3.69140625000000e-01  1.000000e+00 -3.275158e-15 -3.275158e-15 -3.275158e-15  2.499999e-05  9.999995e-06  3.741656e-03
       6080       6080       6080 3.73046875000000e-01 3.73046875000000e-01 3.73046875000000e-01  1.000000e+00 -3.275158e-15 -3.275158e-15 -3.275158e-15  2.499999e-05  9.999995e-06  3.741656e-03
      10240      10240      10240 6.26953125000000e-01 6.26953125000000e-01 6.26953125000000e-01  1.000000e+00  3.275158e-15  3.275158e-15  3.275158e-15  2.499999e-05  9.999995e-06  3.741656e-03
      10304      10304      10304 6.30859375000000e-01 6.30859375000000e-01 6.30859375000000e-01  1.000000e+00  3.275158e-15  3.275158e-15  3.275158e-15  2.499999e-05  9.999995e-06  3.741656e-03
      10368      10368      10368 6.34765625000000e-01 6.34765625000000e-01 6.34765625000000e-01  1.000000e+00  3.330669e-16  3.330669e-16  3.330669e-16  2.499999e-05  9.999995e-06  3.741656e-03
      10432      10432      10432 6.38671875000000e-01 6.38671875000000e-01 6.38671875000000e-01  1.000000e+00  1.110223e-16  1.110223e-16  1.110223e-16  2.499999e-05  9.999995e-06  3.741656e-03
      10496      10496      10496 6.42578125000000e-01 6.42578125000000e-01 6.42578125000000e-01  1.000000e+00  0.000000e+00  0.000000e+00  0.000000e+00  2.499999e-05  9.999995e-06  3.741656e-03
      10560      10560      10560 6.46484375000000e-01 6.46484375000000e-01 6.46484375000000e-01  1.000000e+00  0.000000e+00  0.000000e+00  0.000000e+00  2.499999e-05  9.999995e-06  3.741656e-03
      10624      10624      10624 6.50390625000000e-01 6.50390625000000e-01 6.50390625000000e-01  1.000000e+00  0.000000e+00  0.000000e+00  0.000000e+00  2.499999e-05  9.999995e-06  3.741656e-03
      10688      10688      10688 6.54296875000000e-01 6.54296875000000e-01 6.54296875000000e-01  1.000000e+00  0.000000e+00  0.000000e+00  0.000000e+00  2.499999e-05  9.999995e-06  3.741656e-03
      10752      10752      10752 6.58203125000000e-01 6.58203125000000e-01 6.58203125000000e-01  1.000000e+00  0.000000e+00  0.000000e+00  0.000000e+00  2.499999e-05  9.999995e-06  3.741656e-03
      10816      10816      10816 6.62109375000000e-01 6.62109375000000e-01 6.62109375000000e-01  1.000000e+00  0.000000e+00  0.000000e+00  0.000000e+00  2.499999e-05  9.999995e-06  3.741656e-03
      10880      10880      10880 6.66015625000000e-01 6.66015625000000e-01 6.66015625000000e-01  1.000000e+00  0.000000e+00  0.000000e+00  0.000000e+00  2.499999e-05  9.999995e-06  3.741656e-03
      10944      10944      10944 6.69921875000000e-01 6.69921875000000e-01 6.69921875000000e-01  1.000000e+00  0.000000e+00  0.000000e+00  0.000000e+00  2.499999e-05  9.999995e-06  3.741656e-03
      11008      11008      11008 6.73828125000000e-01 6.73828125000000e-01 6.73828125000000e-01  1.000000e+00  0.000000e+00  0.000000e+00  0.000000e+00  2.499999e-05  9.999995e-06  3.741656e-03
      11072      11072      11072 6.77734375000000e-01 6.77734375000000e-01 6.77734375000000e-01  1.000000e+00  0.000000e+00  0.000000e+00  0.000000e+00  2.499999e-05  9.999995e-06  3.741656e-03
      11136      11136      11136 6.81640625000000e-01 6.81640625000000e-01 6.81640625000000e-01  1.000000e+00  0.000000e+00  0.000000e+00  0.000000e+00  2.499999e-05  9.999995e-06  3.741656e-03
      11200      11200      11200 6.85546875000000e-01 6.85546875000000e-01 6.85546875000000e-01  1.000000e+00  0.000000e+00  0.000000e+00  0.000000e+00  2.499999e-05  9.999995e-06  3.741656e-03
