#         i          j          k                    x                    y                    z          Dens          MomX          MomY          MomZ          Engy      Pressure   Sound speed
          0          0          0 7.81250000000000e-03 7.81250000000000e-03 7.81250000000000e-03  1.000000e+00  0.000000e+00  0.000000e+00  0.000000e+00  2.499999e-05  9.999995e-06  3.741656e-03
        256        256        256 2.34375000000000e-02 2.34375000000000e-02 2.34375000000000e-02  1.000000e+00  0.000000e+00  0.000000e+00  0.000000e+00  2.499999e-05  9.999995e-06  3.741656e-03
        512        512        512 3.90625000000000e-02 3.90625000000000e-02 3.90625000000000e-02  1.000000e+00  0.000000e+00  0.000000e+00  0.000000e+00  2.499999e-05  9.999995e-06  3.741656e-03
        768        768        768 5.46875000000000e-02 5.46875000000000e-02 5.46875000000000e-02  1.000000e+00  0.000000e+00  0.000000e+00  0.000000e+00  2.499999e-05  9.999995e-06  3.741656e-03
       1024       1024       1024 7.03125000000000e-02 7.03125000000000e-02 7.03125000000000e-02  1.000000e+00  0.000000e+00  0.000000e+00  0.000000e+00  2.499999e-05  9.999995e-06  3.741656e-03
       1280       1280       1280 8.59375000000000e-02 8.59375000000000e-02 8.59375000000000e-02  1.000000e+00  0.000000e+00  0.000000e+00  0.000000e+00  2.499999e-05  9.999995e-06  3.741656e-03
       1536       1536       1536 1.01562500000000e-01 1.01562500000000e-01 1.01562500000000e-01  1.000000e+00  0.000000e+00  0.000000e+00  0.000000e+00  2.499999e-05  9.999995e-06  3.741656e-03
       1792       1792       1792 1.17187500000000e-01 1.17187500000000e-01 1.17187500000000e-01  1.000000e+00  0.000000e+00  0.000000e+00  0.000000e+00  2.499999e-05  9.999995e-06  3.741656e-03
       2048       2048       2048 1.32812500000000e-01 1.32812500000000e-01 1.32812500000000e-01  1.000000e+00  0.000000e+00  0.000000e+00  0.000000e+00  2.499999e-05  9.999995e-06  3.741656e-03
       2304       2304       2304 1.48437500000000e-01 1.48437500000000e-01 1.48437500000000e-01  1.000000e+00  0.000000e+00  0.000000e+00  0.000000e+00  2.499999e-05  9.999995e-06  3.741656e-03
       2560       2560       2560 1.64062500000000e-01 1.64062500000000e-01 1.64062500000000e-01  1.000000e+00  0.000000e+00  0.000000e+00  0.000000e+00  2.499999e-05  9.999995e-06  3.741656e-03
       2816       2816       2816 1.79687500000000e-01 1.79687500000000e-01 1.79687500000000e-01  1.000000e+00  0.000000e+00  0.000000e+00  0.000000e+00  2.499999e-05  9.999995e-06  3.741656e-03
       3072       3072       3072 1.95312500000000e-01 1.95312500000000e-01 1.95312500000000e-01  1.000000e+00  0.000000e+00  0.000000e+00  0.000000e+00  2.499999e-05  9.999995e-06  3.741656e-03
       3328       3328       3328 2.10937500000000e-01 2.10937500000000e-01 2.10937500000000e-01  1.000000e+00  0.000000e+00  0.000000e+00  0.000000e+00  2.499999e-05  9.999995e-06  3.741656e-03
       3584       3584       3584 2.26562500000000e-01 2.26562500000000e-01 2.26562500000000e-01  1.000000e+00  0.000000e+00  0.000000e+00  0.000000e+00  2.499999e-05  9.999995e-06  3.741656e-03
       3840       3840       3840 2.42187500000000e-01 2.42187500000000e-01 2.42187500000000e-01  1.000000e+00  0.000000e+00  0.000000e+00  0.000000e+00  2.499999e-05  9.999995e-06  3.741656e-03
      12288      12288      12288 7.57812500000000e-01 7.57812500000000e-01 7.57812500000000e-01  1.000000e+00  0.000000e+00  0.000000e+00  0.000000e+00  2.499999e-05  9.999995e-06  3.741656e-03
      12544      12544      12544 7.73437500000000e-01 7.73437500000000e-01 7.73437500000000e-01  1.000000e+00  0.000000e+00  0.000000e+00  0.000000e+00  2.499999e-05  9.999995e-06  3.741656e-03
      12800      12800      12800 7.89062500000000e-01 7.89062500000000e-01 7.89062500000000e-01  1.000000e+00  0.000000e+00  0.000000e+00  0.000000e+00  2.499999e-05  9.999995e-06  3.741656e-03
      13056      13056      13056 8.04687500000000e-01 8.04687500000000e-01 8.04687500000000e-01  1.000000e+00  0.000000e+00  0.000000e+00  0.000000e+00  2.499999e-05  9.999995e-06  3.741656e-03
      13312      13312      13312 8.20312500000000e-01 8.20312500000000e-01 8.20312500000000e-01  1.000000e+00  0.000000e+00  0.000000e+00  0.000000e+00  2.499999e-05  9.999995e-06  3.741656e-03
      13568      13568      13568 8.35937500000000e-01 8.35937500000000e-01 8.35937500000000e-01  1.000000e+00  0.000000e+00  0.000000e+00  0.000000e+00  2.499999e-05  9.999995e-06  3.741656e-03
      13824      13824      13824 8.51562500000000e-01 8.51562500000000e-01 8.51562500000000e-01  1.000000e+00  0.000000e+00  0.000000e+00  0.000000e+00  2.499999e-05  9.999995e-06  3.741656e-03
      14080      14080      14080 8.67187500000000e-01 8.67187500000000e-01 8.67187500000000e-01  1.000000e+00  0.000000e+00  0.000000e+00  0.000000e+00  2.499999e-05  9.999995e-06  3.741656e-03
      14336      14336      14336 8.82812500000000e-01 8.82812500000000e-01 8.82812500000000e-01  1.000000e+00  0.000000e+00  0.000000e+00  0.000000e+00  2.499999e-05  9.999995e-06  3.741656e-03
      14592      14592      14592 8.98437500000000e-01 8.98437500000000e-01 8.98437500000000e-01  1.000000e+00  0.000000e+00  0.000000e+00  0.000000e+00  2.499999e-05  9.999995e-06  3.741656e-03
      14848      14848      14848 9.14062500000000e-01 9.14062500000000e-01 9.14062500000000e-01  1.000000e+00  0.000000e+00  0.000000e+00  0.000000e+00  2.499999e-05  9.999995e-06  3.741656e-03
      15104      15104      15104 9.29687500000000e-01 9.29687500000000e-01 9.29687500000000e-01  1.000000e+00  0.000000e+00  0.000000e+00  0.000000e+00  2.499999e-05  9.999995e-06  3.741656e-03
      15360      15360      15360 9.45312500000000e-01 9.45312500000000e-01 9.45312500000000e-01  1.000000e+00  0.000000e+00  0.000000e+00  0.000000e+00  2.499999e-05  9.999995e-06  3.741656e-03
      15616      15616      15616 9.60937500000000e-01 9.60937500000000e-01 9.60937500000000e-01  1.000000e+00  0.000000e+00  0.000000e+00  0.000000e+00  2.499999e-05  9.999995e-06  3.741656e-03
      15872      15872      15872 9.76562500000000e-01 9.76562500000000e-01 9.76562500000000e-01  1.000000e+00  0.000000e+00  0.000000e+00  0.000000e+00  2.499999e-05  9.999995e-06  3.741656e-03
      16128      16128      16128 9.92187500000000e-01 9.92187500000000e-01 9.92187500000000e-01  1.000000e+00  0.000000e+00  0.000000e+00  0.000000e+00  2.499999e-05  9.999995e-06  3.741656e-03
       7168       7168       7168 4.41406250000000e-01 4.41406250000000e-01 4.41406250000000e-01  2.944213e-03 -8.582965e-03 -8.606112e-03 -8.632231e-03  2.483471e+02  9.932375e+01  2.173231e+02
       7296       7296       7296 4.49218750000000e-01 4.49218750000000e-01 4.49218750000000e-01  2.133770e-03 -3.185037e-03 -3.189015e-03 -3.198186e-03  2.481990e+02  9.927674e+01  2.552196e+02
       7424       7424       7424 4.57031250000000e-01 4.57031250000000e-01 4.57031250000000e-01  1.368152e-03 -1.579316e-03 -1.569543e-03 -1.562178e-03  2.480544e+02  9.922066e+01  3.186383e+02
       7552       7552       7552 4.64843750000000e-01 4.64843750000000e-01 4.64843750000000e-01  1.257480e-03 -2.158479e-03 -2.159192e-03 -2.160495e-03  2.479544e+02  9.917955e+01  3.322956e+02
       7680       7680       7680 4.72656250000000e-01 4.72656250000000e-01 4.72656250000000e-01  1.245348e-03 -2.115726e-03 -2.115250e-03 -2.113986e-03  2.478995e+02  9.915765e+01  3.338733e+02
       7808       7808       7808 4.80468750000000e-01 4.80468750000000e-01 4.80468750000000e-01  1.248628e-03 -1.861251e-03 -1.861678e-03 -1.861437e-03  2.478685e+02  9.914575e+01  3.334145e+02
       7936       7936       7936 4.88281250000000e-01 4.88281250000000e-01 4.88281250000000e-01  1.289185e-03 -1.399973e-03 -1.399507e-03 -1.400246e-03  2.478377e+02  9.913418e+01  3.281089e+02
       8064       8064       8064 4.96093750000000e-01 4.96093750000000e-01 4.96093750000000e-01  1.274168e-03 -3.534823e-04 -3.536962e-04 -3.538978e-04  2.478836e+02  9.915337e+01  3.300688e+02
       8192       8192       8192 5.03906250000000e-01 5.03906250000000e-01 5.03906250000000e-01  1.274169e-03  3.534676e-04  3.536377e-04  3.538908e-04  2.478836e+02  9.915337e+01  3.300687e+02
       8320       8320       8320 5.11718750000000e-01 5.11718750000000e-01 5.11718750000000e-01  1.289186e-03  1.399950e-03  1.399440e-03  1.400240e-03  2.478377e+02  9.913417e+01  3.281088e+02
       8448       8448       8448 5.19531250000000e-01 5.19531250000000e-01 5.19531250000000e-01  1.248627e-03  1.861257e-03  1.861640e-03  1.861444e-03  2.478686e+02  9.914577e+01  3.334147e+02
       8576       8576       8576 5.27343750000000e-01 5.27343750000000e-01 5.27343750000000e-01  1.245347e-03  2.115693e-03  2.115207e-03  2.114000e-03  2.478995e+02  9.915765e+01  3.338735e+02
       8704       8704       8704 5.35156250000000e-01 5.35156250000000e-01 5.35156250000000e-01  1.257479e-03  2.158457e-03  2.159164e-03  2.160462e-03  2.479544e+02  9.917953e+01  3.322956e+02
       8832       8832       8832 5.42968750000000e-01 5.42968750000000e-01 5.42968750000000e-01  1.368152e-03  1.579329e-03  1.569527e-03  1.562214e-03  2.480543e+02  9.922064e+01  3.186382e+02
       8960       8960       8960 5.50781250000000e-01 5.50781250000000e-01 5.50781250000000e-01  2.133769e-03  3.185019e-03  3.189079e-03  3.198279e-03  2.481990e+02  9.927676e+01  2.552197e+02
       9088       9088       9088 5.58593750000000e-01 5.58593750000000e-01 5.58593750000000e-01  2.944217e-03  8.582927e-03  8.606045e-03  8.632310e-03  2.483471e+02  9.932375e+01  2.173230e+02
       4096       4096       4096 2.53906250000000e-01 2.53906250000000e-01 2.53906250000000e-01  1.000000e+00  0.000000e+00  0.000000e+00  0.000000e+00  2.499999e-05  9.999995e-06  3.741656e-03
       4224       4224       4224 2.61718750000000e-01 2.61718750000000e-01 2.61718750000000e-01  1.000000e+00  0.000000e+00  0.000000e+00  0.000000e+00  2.499999e-05  9.999995e-06  3.741656e-03
       4352       4352       4352 2.69531250000000e-01 2.69531250000000e-01 2.69531250000000e-01  1.000000e+00  0.000000e+00  0.000000e+00  0.000000e+00  2.499999e-05  9.999995e-06  3.741656e-03
       4480       4480       4480 2.77343750000000e-01 2.77343750000000e-01 2.77343750000000e-01  1.000000e+00  0.000000e+00  0.000000e+00  0.000000e+00  2.499999e-05  9.999995e-06  3.741656e-03
       4608       4608       4608 2.85156250000000e-01 2.85156250000000e-01 2.85156250000000e-01  1.000000e+00  0.000000e+00  0.000000e+00  0.000000e+00  2.499999e-05  9.999995e-06  3.741656e-03
       4736       4736       4736 2.92968750000000e-01 2.92968750000000e-01 2.92968750000000e-01  1.000000e+00  0.000000e+00  0.000000e+00  0.000000e+00  2.499999e-05  9.999995e-06  3.741656e-03
       4864       4864       4864 3.00781250000000e-01 3.00781250000000e-01 3.00781250000000e-01  1.000000e+00  0.000000e+00  0.000000e+00  0.000000e+00  2.499999e-05  9.999995e-06  3.741656e-03
       4992       4992       4992 3.08593750000000e-01 3.08593750000000e-01 3.08593750000000e-01  1.000000e+00  0.000000e+00  0.000000e+00  0.000000e+00  2.499999e-05  9.999995e-06  3.741656e-03
      11264      11264      11264 6.91406250000000e-01 6.91406250000000e-01 6.91406250000000e-01  1.000000e+00  0.000000e+00  0.000000e+00  0.000000e+00  2.499999e-05  9.999995e-06  3.741656e-03
      11392      11392      11392 6.99218750000000e-01 6.99218750000000e-01 6.99218750000000e-01  1.000000e+00  0.000000e+00  0.000000e+00  0.000000e+00  2.499999e-05  9.999995e-06  3.741656e-03
      11520      11520      11520 7.07031250000000e-01 7.07031250000000e-01 7.07031250000000e-01  1.000000e+00  0.000000e+00  0.000000e+00  0.000000e+00  2.499999e-05  9.999995e-06  3.741656e-03
      11648      11648      11648 7.14843750000000e-01 7.14843750000000e-01 7.14843750000000e-01  1.000000e+00  0.000000e+00  0.000000e+00  0.000000e+00  2.499999e-05  9.999995e-06  3.741656e-03
      11776      11776      11776 7.22656250000000e-01 7.22656250000000e-01 7.22656250000000e-01  1.000000e+00  0.000000e+00  0.000000e+00  0.000000e+00  2.499999e-05  9.999995e-06  3.741656e-03
      11904      11904      11904 7.30468750000000e-01 7.30468750000000e-01 7.30468750000000e-01  1.000000e+00  0.000000e+00  0.000000e+00  0.000000e+00  2.499999e-05  9.999995e-06  3.741656e-03
      12032      12032      12032 7.38281250000000e-01 7.38281250000000e-01 7.38281250000000e-01  1.000000e+00  0.000000e+00  0.000000e+00  0.000000e+00  2.499999e-05  9.999995e-06  3.741656e-03
      12160      12160      12160 7.46093750000000e-01 7.46093750000000e-01 7.46093750000000e-01  1.000000e+00  0.000000e+00  0.000000e+00  0.000000e+00  2.499999e-05  9.999995e-06  3.741656e-03
       6144       6144       6144 3.76953125000000e-01 3.76953125000000e-01 3.76953125000000e-01  1.000000e+00  0.000000e+00  0.000000e+00  0.000000e+00  2.499999e-05  9.999995e-06  3.741656e-03
       6208       6208       6208 3.80859375000000e-01 3.80859375000000e-01 3.80859375000000e-01  1.000000e+00  0.000000e+00  0.000000e+00  0.000000e+00  2.499999e-05  9.999995e-06  3.741656e-03
       6272       6272       6272 3.84765625000000e-01 3.84765625000000e-01 3.84765625000000e-01  1.000000e+00  0.000000e+00  0.000000e+00  0.000000e+00  2.499999e-05  9.999995e-06  3.741656e-03
       6336       6336       6336 3.88671875000000e-01 3.88671875000000e-01 3.88671875000000e-01  1.000000e+00 -8.696396e-12 -8.696396e-12 -8.696396e-12  2.499999e-05  9.999995e-06  3.741656e-03
       6400       6400       6400 3.92578125000000e-01 3.92578125000000e-01 3.92578125000000e-01  1.165390e+00 -3.156575e-01 -3.156574e-01 -3.156575e-01  3.977819e+00  1.539828e+00  1.360080e+00
       6464       6464       6464 3.96484375000000e-01 3.96484375000000e-01 3.96484375000000e-01  4.197320e+00 -3.634427e+01 -3.634426e+01 -3.634427e+01  1.067761e+03  2.382831e+02  8.915068e+00
       6528       6528       6528 4.00390625000000e-01 4.00390625000000e-01 4.00390625000000e-01  2.133661e+00 -1.649836e+01 -1.649836e+01 -1.649836e+01  6.139479e+02  1.690358e+02  1.053151e+01
       6592       6592       6592 4.04296875000000e-01 4.04296875000000e-01 4.04296875000000e-01  1.265191e+00 -9.010671e+00 -9.010673e+00 -9.010672e+00  4.446004e+02  1.393358e+02  1.241702e+01
       6656       6656       6656 4.08203125000000e-01 4.08203125000000e-01 4.08203125000000e-01  8.062990e-01 -5.361410e+00 -5.361406e+00 -5.361410e+00  3.632865e+02  1.239245e+02  1.466880e+01
       6720       6720       6720 4.12109375000000e-01 4.12109375000000e-01 4.12109375000000e-01  5.332781e-01 -3.336431e+00 -3.336431e+00 -3.336433e+00  3.177020e+02  1.145563e+02  1.734189e+01
       6784       6784       6784 4.16015625000000e-01 4.16015625000000e-01 4.16015625000000e-01  3.669480e-01 -2.153509e+00 -2.153510e+00 -2.153510e+00  2.911222e+02  1.088659e+02  2.038016e+01
       6848       6848       6848 4.19921875000000e-01 4.19921875000000e-01 4.19921875000000e-01  2.589667e-01 -1.431931e+00 -1.431928e+00 -1.431928e+00  2.740796e+02  1.048812e+02  2.381172e+01
       6912       6912       6912 4.23828125000000e-01 4.23828125000000e-01 4.23828125000000e-01  1.852372e-01 -9.694877e-01 -9.694647e-01 -9.694328e-01  2.634847e+02  1.023496e+02  2.781269e+01
       6976       6976       6976 4.27734375000000e-01 4.27734375000000e-01 4.27734375000000e-01  1.277642e-01 -6.483068e-01 -6.483088e-01 -6.483325e-01  2.569246e+02  1.007960e+02  3.323388e+01
       7040       7040       7040 4.31640625000000e-01 4.31640625000000e-01 4.31640625000000e-01  7.406195e-02 -3.820416e-01 -3.820273e-01 -3.820447e-01  2.526950e+02  9.989558e+01  4.345498e+01
       7104       7104       7104 4.35546875000000e-01 4.35546875000000e-01 4.35546875000000e-01  1.265929e-02 -6.259244e-02 -6.262949e-02 -6.264821e-02  2.489371e+02  9.938895e+01  1.048403e+02
       9216       9216       9216 5.64453125000000e-01 5.64453125000000e-01 5.64453125000000e-01  1.265923e-02  6.259201e-02  6.262904e-02  6.264810e-02  2.489371e+02  9.938896e+01  1.048406e+02
       9280       9280       9280 5.68359375000000e-01 5.68359375000000e-01 5.68359375000000e-01  7.406194e-02  3.820420e-01  3.820263e-01  3.820437e-01  2.526950e+02  9.989559e+01  4.345499e+01
       9344       9344       9344 5.72265625000000e-01 5.72265625000000e-01 5.72265625000000e-01  1.277642e-01  6.483074e-01  6.483085e-01  6.483322e-01  2.569245e+02  1.007960e+02  3.323387e+01
       9408       9408       9408 5.76171875000000e-01 5.76171875000000e-01 5.76171875000000e-01  1.852371e-01  9.694880e-01  9.694627e-01  9.694311e-01  2.634846e+02  1.023496e+02  2.781269e+01
       9472       9472       9472 5.80078125000000e-01 5.80078125000000e-01 5.80078125000000e-01  2.589673e-01  1.431934e+00  1.431932e+00  1.431930e+00  2.740796e+02  1.048812e+02  2.381170e+01
       9536       9536       9536 5.83984375000000e-01 5.83984375000000e-01 5.83984375000000e-01  3.669478e-01  2.153510e+00  2.153508e+00  2.153507e+00  2.911222e+02  1.088659e+02  2.038017e+01
       9600       9600       9600 5.87890625000000e-01 5.87890625000000e-01 5.87890625000000e-01  5.332788e-01  3.336437e+00  3.336436e+00  3.336436e+00  3.177020e+02  1.145563e+02  1.734188e+01
       9664       9664       9664 5.91796875000000e-01 5.91796875000000e-01 5.91796875000000e-01  8.062986e-01  5.361404e+00  5.361407e+00  5.361404e+00  3.632866e+02  1.239245e+02  1.466881e+01
       9728       9728       9728 5.95703125000000e-01 5.95703125000000e-01 5.95703125000000e-01  1.265191e+00  9.010672e+00  9.010674e+00  9.010671e+00  4.446006e+02  1.393359e+02  1.241702e+01
       9792       9792       9792 5.99609375000000e-01 5.99609375000000e-01 5.99609375000000e-01  2.133662e+00  1.649837e+01  1.649837e+01  1.649837e+01  6.139479e+02  1.690358e+02  1.053151e+01
       9856       9856       9856 6.03515625000000e-01 6.03515625000000e-01 6.03515625000000e-01  4.197318e+00  3.634427e+01  3.634426e+01  3.634426e+01  1.067761e+03  2.382830e+02  8.915067e+00
       9920       9920       9920 6.07421875000000e-01 6.07421875000000e-01 6.07421875000000e-01  1.165390e+00  3.156579e-01  3.156582e-01  3.156582e-01  3.977829e+00  1.539832e+00  1.360082e+00
       9984       9984       9984 6.11328125000000e-01 6.11328125000000e-01 6.11328125000000e-01  1.000000e+00  8.696396e-12  8.696396e-12  8.696396e-12  2.499999e-05  9.999995e-06  3.741656e-03
      10048      10048      10048 6.15234375000000e-01 6.15234375000000e-01 6.15234375000000e-01  1.000000e+00  0.000000e+00  0.000000e+00  0.000000e+00  2.499999e-05  9.999995e-06  3.741656e-03
      10112      10112      10112 6.19140625000000e-01 6.19140625000000e-01 6.19140625000000e-01  1.000000e+00  0.000000e+00  0.000000e+00  0.000000e+00  2.499999e-05  9.999995e-06  3.741656e-03
      10176      10176      10176 6.23046875000000e-01 6.23046875000000e-01 6.23046875000000e-01  1.000000e+00  0.000000e+00  0.000000e+00  0.000000e+00  2.499999e-05  9.999995e-06  3.741656e-03
       5120       5120       5120 3.14453125000000e-01 3.14453125000000e-01 3.14453125000000e-01  1.000000e+00  0.000000e+00  0.000000e+00  0.000000e+00  2.499999e-05  9.999995e-06  3.741656e-03
       5184       5184       5184 3.18359375000000e-01 3.18359375000000e-01 3.18359375000000e-01  1.000000e+00  0.000000e+00  0.000000e+00  0.000000e+00  2.499999e-05  9.999995e-06  3.741656e-03
       5248       5248       5248 3.22265625000000e-01 3.22265625000000e-01 3.22265625000000e-01  1.000000e+00  0.000000e+00  0.000000e+00  0.000000e+00  2.499999e-05  9.999995e-06  3.741656e-03
       5312       5312       5312 3.26171875000000e-01 3.26171875000000e-01 3.26171875000000e-01  1.000000e+00  0.000000e+00  0.000000e+00  0.000000e+00  2.499999e-05  9.999995e-06  3.741656e-03
       5376       5376       5376 3.30078125000000e-01 3.30078125000000e-01 3.30078125000000e-01  1.000000e+00  0.000000e+00  0.000000e+00  0.000000e+00  2.499999e-05  9.999995e-06  3.741656e-03
       5440       5440       5440 3.33984375000000e-01 3.33984375000000e-01 3.33984375000000e-01  1.000000e+00  0.000000e+00  0.000000e+00  0.000000e+00  2.499999e-05  9.999995e-06  3.741656e-03
       5504       5504       5504 3.37890625000000e-01 3.37890625000000e-01 3.37890625000000e-01  1.000000e+00  0.000000e+00  0.000000e+00  0.000000e+00  2.499999e-05  9.999995e-06  3.741656e-03
       5568       5568       5568 3.41796875000000e-01 3.41796875000000e-01 3.41796875000000e-01  1.000000e+00  0.000000e+00  0.000000e+00  0.000000e+00  2.499999e-05  9.999995e-06  3.741656e-03
       5632       5632       5632 3.45703125000000e-01 3.45703125000000e-01 3.45703125000000e-01  1.000000e+00  0.000000e+00  0.000000e+00  0.000000e+00  2.499999e-05  9.999995e-06  3.741656e-03
       5696       5696       5696 3.49609375000000e-01 3.49609375000000e-01 3.49609375000000e-01  1.000000e+00  0.000000e+00  0.000000e+00  0.000000e+00  2.499999e-05  9.999995e-06  3.741656e-03
       5760       5760       5760 3.53515625000000e-01 3.53515625000000e-01 3.53515625000000e-01  1.000000e+00  0.000000e+00  0.000000e+00  0.000000e+00  2.499999e-05  9.999995e-06  3.741656e-03
       5824       5824       5824 3.57421875000000e-01 3.57421875000000e-01 3.57421875000000e-01  1.000000e+00  0.000000e+00  0.000000e+00  0.000000e+00  2.499999e-05  9.999995e-06  3.741656e-03
       5888       5888       5888 3.61328125000000e-01 3.61328125000000e-01 3.61328125000000e-01  1.000000e+00 -1.110223e-16 -1.110223e-16 -1.110223e-16  2.499999e-05  9.999995e-06  3.741656e-03
       5952       5952       5952 3.65234375000000e-01 3.65234375000000e-01 3.65234375000000e-01  1.000000e+00 -3.330669e-16 -3.330669e-16 -3.330669e-16  2.499999e-05  9.999995e-06  3.741656e-03
       6016       6016       6016 3.69140625000000e-01 3.69140625000000e-01 3.69140625000000e-01  1.000000e+00 -3.275158e-15 -3.275158e-15 -3.275158e-15  2.499999e-05  9.999995e-06  3.741656e-03
       6080       6080       6080 3.73046875000000e-01 3.73046875000000e-01 3.73046875000000e-01  1.000000e+00 -3.275158e-15 -3.275158e-15 -3.275158e-15  2.499999e-05  9.999995e-06  3.741656e-03
      10240      10240      10240 6.26953125000000e-01 6.26953125000000e-01 6.26953125000000e-01  1.000000e+00  3.275158e-15  3.275158e-15  3.275158e-15  2.499999e-05  9.999995e-06  3.741656e-03
      10304      10304      10304 6.30859375000000e-01 6.30859375000000e-01 6.30859375000000e-01  1.000000e+00  3.275158e-15  3.275158e-15  3.275158e-15  2.499999e-05  9.999995e-06  3.741656e-03
      10368      10368      10368 6.34765625000000e-01 6.34765625000000e-01 6.34765625000000e-01  1.000000e+00  3.330669e-16  3.330669e-16  3.330669e-16  2.499999e-05  9.999995e-06  3.741656e-03
      10432      10432      10432 6.38671875000000e-01 6.38671875000000e-01 6.38671875000000e-01  1.000000e+00  1.110223e-16  1.110223e-16  1.110223e-16  2.499999e-05  9.999995e-06  3.741656e-03
      10496      10496      10496 6.42578125000000e-01 6.42578125000000e-01 6.42578125000000e-01  1.000000e+00  0.000000e+00  0.000000e+00  0.000000e+00  2.499999e-05  9.999995e-06  3.741656e-03
      10560      10560      10560 6.46484375000000e-01 6.46484375000000e-01 6.46484375000000e-01  1.000000e+00  0.000000e+00  0.000000e+00  0.000000e+00  2.499999e-05  9.999995e-06  3.741656e-03
      10624      10624      10624 6.50390625000000e-01 6.50390625000000e-01 6.50390625000000e-01  1.000000e+00  0.000000e+00  0.000000e+00  0.000000e+00  2.499999e-05  9.999995e-06  3.741656e-03
      10688      10688      10688 6.54296875000000e-01 6.54296875000000e-01 6.54296875000000e-01  1.000000e+00  0.000000e+00  0.000000e+00  0.000000e+00  2.499999e-05  9.999995e-06  3.741656e-03
      10752      10752      10752 6.58203125000000e-01 6.58203125000000e-01 6.58203125000000e-01  1.000000e+00  0.000000e+00  0.000000e+00  0.000000e+00  2.499999e-05  9.999995e-06  3.741656e-03
      10816      10816      10816 6.62109375000000e-01 6.62109375000000e-01 6.62109375000000e-01  1.000000e+00  0.000000e+00  0.000000e+00  0.000000e+00  2.499999e-05  9.999995e-06  3.741656e-03
      10880      10880      10880 6.66015625000000e-01 6.66015625000000e-01 6.66015625000000e-01  1.000000e+00  0.000000e+00  0.000000e+00  0.000000e+00  2.499999e-05  9.999995e-06  3.741656e-03
      10944      10944      10944 6.69921875000000e-01 6.69921875000000e-01 6.69921875000000e-01  1.000000e+00  0.000000e+00  0.000000e+00  0.000000e+00  2.499999e-05  9.999995e-06  3.741656e-03
      11008      11008      11008 6.73828125000000e-01 6.73828125000000e-01 6.73828125000000e-01  1.000000e+00  0.000000e+00  0.000000e+00  0.000000e+00  2.499999e-05  9.999995e-06  3.741656e-03
      11072      11072      11072 6.77734375000000e-01 6.77734375000000e-01 6.77734375000000e-01  1.000000e+00  0.000000e+00  0.000000e+00  0.000000e+00  2.499999e-05  9.999995e-06  3.741656e-03
      11136      11136      11136 6.81640625000000e-01 6.81640625000000e-01 6.81640625000000e-01  1.000000e+00  0.000000e+00  0.000000e+00  0.000000e+00  2.499999e-05  9.999995e-06  3.741656e-03
      11200      11200      11200 6.85546875000000e-01 6.85546875000000e-01 6.85546875000000e-01  1.000000e+00  0.000000e+00  0.000000e+00  0.000000e+00  2.499999e-05  9.999995e-06  3.741656e-03
