#         i          j          k                    x                    y                    z          Dens          MomX          MomY          MomZ          Engy      Pressure   Sound speed
          0          0          0 7.81250000000000e-03 7.81250000000000e-03 7.81250000000000e-03  1.000000e+00  0.000000e+00  0.000000e+00  0.000000e+00  2.499999e-05  9.999995e-06  3.741656e-03
        256        256        256 2.34375000000000e-02 2.34375000000000e-02 2.34375000000000e-02  1.000000e+00  0.000000e+00  0.000000e+00  0.000000e+00  2.499999e-05  9.999995e-06  3.741656e-03
        512        512        512 3.90625000000000e-02 3.90625000000000e-02 3.90625000000000e-02  1.000000e+00  0.000000e+00  0.000000e+00  0.000000e+00  2.499999e-05  9.999995e-06  3.741656e-03
        768        768        768 5.46875000000000e-02 5.46875000000000e-02 5.46875000000000e-02  1.000000e+00  0.000000e+00  0.000000e+00  0.000000e+00  2.499999e-05  9.999995e-06  3.741656e-03
       1024       1024       1024 7.03125000000000e-02 7.03125000000000e-02 7.03125000000000e-02  1.000000e+00  0.000000e+00  0.000000e+00  0.000000e+00  2.499999e-05  9.999995e-06  3.741656e-03
       1280       1280       1280 8.59375000000000e-02 8.59375000000000e-02 8.59375000000000e-02  1.000000e+00  0.000000e+00  0.000000e+00  0.000000e+00  2.499999e-05  9.999995e-06  3.741656e-03
       1536       1536       1536 1.01562500000000e-01 1.01562500000000e-01 1.01562500000000e-01  1.000000e+00  0.000000e+00  0.000000e+00  0.000000e+00  2.499999e-05  9.999995e-06  3.741656e-03
       1792       1792       1792 1.17187500000000e-01 1.17187500000000e-01 1.17187500000000e-01  1.000000e+00  0.000000e+00  0.000000e+00  0.000000e+00  2.499999e-05  9.999995e-06  3.741656e-03
       2048       2048       2048 1.32812500000000e-01 1.32812500000000e-01 1.32812500000000e-01  1.000000e+00  0.000000e+00  0.000000e+00  0.000000e+00  2.499999e-05  9.999995e-06  3.741656e-03
       2304       2304       2304 1.48437500000000e-01 1.48437500000000e-01 1.48437500000000e-01  1.000000e+00  0.000000e+00  0.000000e+00  0.000000e+00  2.499999e-05  9.999995e-06  3.741656e-03
       2560       2560       2560 1.64062500000000e-01 1.64062500000000e-01 1.64062500000000e-01  1.000000e+00  0.000000e+00  0.000000e+00  0.000000e+00  2.499999e-05  9.999995e-06  3.741656e-03
       2816       2816       2816 1.79687500000000e-01 1.79687500000000e-01 1.79687500000000e-01  1.000000e+00  0.000000e+00  0.000000e+00  0.000000e+00  2.499999e-05  9.999995e-06  3.741656e-03
       3072       3072       3072 1.95312500000000e-01 1.95312500000000e-01 1.95312500000000e-01  1.000000e+00  0.000000e+00  0.000000e+00  0.000000e+00  2.499999e-05  9.999995e-06  3.741656e-03
       3328       3328       3328 2.10937500000000e-01 2.10937500000000e-01 2.10937500000000e-01  1.000000e+00  0.000000e+00  0.000000e+00  0.000000e+00  2.499999e-05  9.999995e-06  3.741656e-03
       3584       3584       3584 2.26562500000000e-01 2.26562500000000e-01 2.26562500000000e-01  1.000000e+00  0.000000e+00  0.000000e+00  0.000000e+00  2.499999e-05  9.999995e-06  3.741656e-03
       3840       3840       3840 2.42187500000000e-01 2.42187500000000e-01 2.42187500000000e-01  1.000000e+00  0.000000e+00  0.000000e+00  0.000000e+00  2.499999e-05  9.999995e-06  3.741656e-03
       4096       4096       4096 2.57812500000000e-01 2.57812500000000e-01 2.57812500000000e-01  1.000000e+00  0.000000e+00  0.000000e+00  0.000000e+00  2.499999e-05  9.999995e-06  3.741656e-03
       4352       4352       4352 2.73437500000000e-01 2.73437500000000e-01 2.73437500000000e-01  1.000000e+00  0.000000e+00  0.000000e+00  0.000000e+00  2.499999e-05  9.999995e-06  3.741656e-03
       4608       4608       4608 2.89062500000000e-01 2.89062500000000e-01 2.89062500000000e-01  1.000000e+00  0.000000e+00  0.000000e+00  0.000000e+00  2.499999e-05  9.999995e-06  3.741656e-03
       4864       4864       4864 3.04687500000000e-01 3.04687500000000e-01 3.04687500000000e-01  1.000000e+00  0.000000e+00  0.000000e+00  0.000000e+00  2.499999e-05  9.999995e-06  3.741656e-03
       5120       5120       5120 3.20312500000000e-01 3.20312500000000e-01 3.20312500000000e-01  1.000000e+00  0.000000e+00  0.000000e+00  0.000000e+00  2.499999e-05  9.999995e-06  3.741656e-03
       5376       5376       5376 3.35937500000000e-01 3.35937500000000e-01 3.35937500000000e-01  1.000000e+00  0.000000e+00  0.000000e+00  0.000000e+00  2.499999e-05  9.999995e-06  3.741656e-03
       5632       5632       5632 3.51562500000000e-01 3.51562500000000e-01 3.51562500000000e-01  1.000000e+00  0.000000e+00  0.000000e+00  0.000000e+00  2.499999e-05  9.999995e-06  3.741656e-03
       5888       5888       5888 3.67187500000000e-01 3.67187500000000e-01 3.67187500000000e-01  1.000000e+00  0.000000e+00  0.000000e+00  0.000000e+00  2.499999e-05  9.999995e-06  3.741656e-03
      10240      10240      10240 6.32812500000000e-01 6.32812500000000e-01 6.32812500000000e-01  1.000000e+00  0.000000e+00  0.000000e+00  0.000000e+00  2.499999e-05  9.999995e-06  3.741656e-03
      10496      10496      10496 6.48437500000000e-01 6.48437500000000e-01 6.48437500000000e-01  1.000000e+00  0.000000e+00  0.000000e+00  0.000000e+00  2.499999e-05  9.999995e-06  3.741656e-03
      10752      10752      10752 6.64062500000000e-01 6.64062500000000e-01 6.64062500000000e-01  1.000000e+00  0.000000e+00  0.000000e+00  0.000000e+00  2.499999e-05  9.999995e-06  3.741656e-03
      11008      11008      11008 6.79687500000000e-01 6.79687500000000e-01 6.79687500000000e-01  1.000000e+00  0.000000e+00  0.000000e+00  0.000000e+00  2.499999e-05  9.999995e-06  3.741656e-03
      11264      11264      11264 6.95312500000000e-01 6.95312500000000e-01 6.95312500000000e-01  1.000000e+00  0.000000e+00  0.000000e+00  0.000000e+00  2.499999e-05  9.999995e-06  3.741656e-03
      11520      11520      11520 7.10937500000000e-01 7.10937500000000e-01 7.10937500000000e-01  1.000000e+00  0.000000e+00  0.000000e+00  0.000000e+00  2.499999e-05  9.999995e-06  3.741656e-03
      11776      11776      11776 7.26562500000000e-01 7.26562500000000e-01 7.26562500000000e-01  1.000000e+00  0.000000e+00  0.000000e+00  0.000000e+00  2.499999e-05  9.999995e-06  3.741656e-03
      12032      12032      12032 7.42187500000000e-01 7.42187500000000e-01 7.42187500000000e-01  1.000000e+00  0.000000e+00  0.000000e+00  0.000000e+00  2.499999e-05  9.999995e-06  3.741656e-03
      12288      12288      12288 7.57812500000000e-01 7.57812500000000e-01 7.57812500000000e-01  1.000000e+00  0.000000e+00  0.000000e+00  0.000000e+00  2.499999e-05  9.999995e-06  3.741656e-03
      12544      12544      12544 7.73437500000000e-01 7.73437500000000e-01 7.73437500000000e-01  1.000000e+00  0.000000e+00  0.000000e+00  0.000000e+00  2.499999e-05  9.999995e-06  3.741656e-03
      12800      12800      12800 7.89062500000000e-01 7.89062500000000e-01 7.89062500000000e-01  1.000000e+00  0.000000e+00  0.000000e+00  0.000000e+00  2.499999e-05  9.999995e-06  3.741656e-03
      13056      13056      13056 8.04687500000000e-01 8.04687500000000e-01 8.04687500000000e-01  1.000000e+00  0.000000e+00  0.000000e+00  0.000000e+00  2.499999e-05  9.999995e-06  3.741656e-03
      13312      13312      13312 8.20312500000000e-01 8.20312500000000e-01 8.20312500000000e-01  1.000000e+00  0.000000e+00  0.000000e+00  0.000000e+00  2.499999e-05  9.999995e-06  3.741656e-03
      13568      13568      13568 8.35937500000000e-01 8.35937500000000e-01 8.35937500000000e-01  1.000000e+00  0.000000e+00  0.000000e+00  0.000000e+00  2.499999e-05  9.999995e-06  3.741656e-03
      13824      13824      13824 8.51562500000000e-01 8.51562500000000e-01 8.51562500000000e-01  1.000000e+00  0.000000e+00  0.000000e+00  0.000000e+00  2.499999e-05  9.999995e-06  3.741656e-03
      14080      14080      14080 8.67187500000000e-01 8.67187500000000e-01 8.67187500000000e-01  1.000000e+00  0.000000e+00  0.000000e+00  0.000000e+00  2.499999e-05  9.999995e-06  3.741656e-03
      14336      14336      14336 8.82812500000000e-01 8.82812500000000e-01 8.82812500000000e-01  1.000000e+00  0.000000e+00  0.000000e+00  0.000000e+00  2.499999e-05  9.999995e-06  3.741656e-03
      14592      14592      14592 8.98437500000000e-01 8.98437500000000e-01 8.98437500000000e-01  1.000000e+00  0.000000e+00  0.000000e+00  0.000000e+00  2.499999e-05  9.999995e-06  3.741656e-03
      14848      14848      14848 9.14062500000000e-01 9.14062500000000e-01 9.14062500000000e-01  1.000000e+00  0.000000e+00  0.000000e+00  0.000000e+00  2.499999e-05  9.999995e-06  3.741656e-03
      15104      15104      15104 9.29687500000000e-01 9.29687500000000e-01 9.29687500000000e-01  1.000000e+00  0.000000e+00  0.000000e+00  0.000000e+00  2.499999e-05  9.999995e-06  3.741656e-03
      15360      15360      15360 9.45312500000000e-01 9.45312500000000e-01 9.45312500000000e-01  1.000000e+00  0.000000e+00  0.000000e+00  0.000000e+00  2.499999e-05  9.999995e-06  3.741656e-03
      15616      15616      15616 9.60937500000000e-01 9.60937500000000e-01 9.60937500000000e-01  1.000000e+00  0.000000e+00  0.000000e+00  0.000000e+00  2.499999e-05  9.999995e-06  3.741656e-03
      15872      15872      15872 9.76562500000000e-01 9.76562500000000e-01 9.76562500000000e-01  1.000000e+00  0.000000e+00  0.000000e+00  0.000000e+00  2.499999e-05  9.999995e-06  3.741656e-03
      16128      16128      16128 9.92187500000000e-01 9.92187500000000e-01 9.92187500000000e-01  1.000000e+00  0.000000e+00  0.000000e+00  0.000000e+00  2.499999e-05  9.999995e-06  3.741656e-03
       6144       6144       6144 3.78906250000000e-01 3.78906250000000e-01 3.78906250000000e-01  1.000000e+00  0.000000e+00  0.000000e+00  0.000000e+00  2.499999e-05  9.999995e-06  3.741656e-03
       6272       6272       6272 3.86718750000000e-01 3.86718750000000e-01 3.86718750000000e-01  1.000000e+00  0.000000e+00  0.000000e+00  0.000000e+00  2.499999e-05  9.999995e-06  3.741656e-03
       6400       6400       6400 3.94531250000000e-01 3.94531250000000e-01 3.94531250000000e-01  1.000000e+00  0.000000e+00  0.000000e+00  0.000000e+00  2.499999e-05  9.999995e-06  3.741656e-03
       6528       6528       6528 4.02343750000000e-01 4.02343750000000e-01 4.02343750000000e-01  1.000000e+00  0.000000e+00  0.000000e+00  0.000000e+00  2.499999e-05  9.999995e-06  3.741656e-03
       6656       6656       6656 4.10156250000000e-01 4.10156250000000e-01 4.10156250000000e-01  1.000000e+00  0.000000e+00  0.000000e+00  0.000000e+00  2.499999e-05  9.999995e-06  3.741656e-03
       6784       6784       6784 4.17968750000000e-01 4.17968750000000e-01 4.17968750000000e-01  1.000000e+00  0.000000e+00  0.000000e+00  0.000000e+00  2.499999e-05  9.999995e-06  3.741656e-03
       6912       6912       6912 4.25781250000000e-01 4.25781250000000e-01 4.25781250000000e-01  1.000000e+00  0.000000e+00  0.000000e+00  0.000000e+00  2.499999e-05  9.999995e-06  3.741656e-03
       7040       7040       7040 4.33593750000000e-01 4.33593750000000e-01 4.33593750000000e-01  1.000000e+00  0.000000e+00  0.000000e+00  0.000000e+00  2.499999e-05  9.999995e-06  3.741656e-03
       9216       9216       9216 5.66406250000000e-01 5.66406250000000e-01 5.66406250000000e-01  1.000000e+00  0.000000e+00  0.000000e+00  0.000000e+00  2.499999e-05  9.999995e-06  3.741656e-03
       9344       9344       9344 5.74218750000000e-01 5.74218750000000e-01 5.74218750000000e-01  1.000000e+00  0.000000e+00  0.000000e+00  0.000000e+00  2.499999e-05  9.999995e-06  3.741656e-03
       9472       9472       9472 5.82031250000000e-01 5.82031250000000e-01 5.82031250000000e-01  1.000000e+00  0.000000e+00  0.000000e+00  0.000000e+00  2.499999e-05  9.999995e-06  3.741656e-03
       9600       9600       9600 5.89843750000000e-01 5.89843750000000e-01 5.89843750000000e-01  1.000000e+00  0.000000e+00  0.000000e+00  0.000000e+00  2.499999e-05  9.999995e-06  3.741656e-03
       9728       9728       9728 5.97656250000000e-01 5.97656250000000e-01 5.97656250000000e-01  1.000000e+00  0.000000e+00  0.000000e+00  0.000000e+00  2.499999e-05  9.999995e-06  3.741656e-03
       9856       9856       9856 6.05468750000000e-01 6.05468750000000e-01 6.05468750000000e-01  1.000000e+00  0.000000e+00  0.000000e+00  0.000000e+00  2.499999e-05  9.999995e-06  3.741656e-03
       9984       9984       9984 6.13281250000000e-01 6.13281250000000e-01 6.13281250000000e-01  1.000000e+00  0.000000e+00  0.000000e+00  0.000000e+00  2.499999e-05  9.999995e-06  3.741656e-03
      10112      10112      10112 6.21093750000000e-01 6.21093750000000e-01 6.21093750000000e-01  1.000000e+00  0.000000e+00  0.000000e+00  0.000000e+00  2.499999e-05  9.999995e-06  3.741656e-03
       7168       7168       7168 4.39453125000000e-01 4.39453125000000e-01 4.39453125000000e-01  1.000000e+00  0.000000e+00  0.000000e+00  0.000000e+00  2.499999e-05  9.999995e-06  3.741656e-03
       7232       7232       7232 4.43359375000000e-01 4.43359375000000e-01 4.43359375000000e-01  1.000000e+00  0.000000e+00  0.000000e+00  0.000000e+00  2.499999e-05  9.999995e-06  3.741656e-03
       7296       7296       7296 4.47265625000000e-01 4.47265625000000e-01 4.47265625000000e-01  1.000000e+00  0.000000e+00  0.000000e+00  0.000000e+00  2.499999e-05  9.999995e-06  3.741656e-03
       7360       7360       7360 4.51171875000000e-01 4.51171875000000e-01 4.51171875000000e-01  1.000000e+00  0.000000e+00  0.000000e+00  0.000000e+00  2.499999e-05  9.999995e-06  3.741656e-03
       7424       7424       7424 4.55078125000000e-01 4.55078125000000e-01 4.55078125000000e-01  1.000000e+00  0.000000e+00  0.000000e+00  0.000000e+00  2.499999e-05  9.999995e-06  3.741656e-03
       7488       7488       7488 4.58984375000000e-01 4.58984375000000e-01 4.58984375000000e-01  1.000000e+00  0.000000e+00  0.000000e+00  0.000000e+00  2.499999e-05  9.999995e-06  3.741656e-03
       7552       7552       7552 4.62890625000000e-01 4.62890625000000e-01 4.62890625000000e-01  1.000000e+00  0.000000e+00  0.000000e+00  0.000000e+00  2.499999e-05  9.999995e-06  3.741656e-03
       7616       7616       7616 4.66796875000000e-01 4.66796875000000e-01 4.66796875000000e-01  1.000000e+00  0.000000e+00  0.000000e+00  0.000000e+00  2.499999e-05  9.999995e-06  3.741656e-03
       7680       7680       7680 4.70703125000000e-01 4.70703125000000e-01 4.70703125000000e-01  1.000000e+00  0.000000e+00  0.000000e+00  0.000000e+00  2.499999e-05  9.999995e-06  3.741656e-03
       7744       7744       7744 4.74609375000000e-01 4.74609375000000e-01 4.74609375000000e-01  1.000000e+00  0.000000e+00  0.000000e+00  0.000000e+00  2.499999e-05  9.999995e-06  3.741656e-03
       7808       7808       7808 4.78515625000000e-01 4.78515625000000e-01 4.78515625000000e-01  1.000000e+00  0.000000e+00  0.000000e+00  0.000000e+00  2.499999e-05  9.999995e-06  3.741656e-03
       7872       7872       7872 4.82421875000000e-01 4.82421875000000e-01 4.82421875000000e-01  1.000000e+00  0.000000e+00  0.000000e+00  0.000000e+00  2.499999e-05  9.999995e-06  3.741656e-03
       7936       7936       7936 4.86328125000000e-01 4.86328125000000e-01 4.86328125000000e-01  1.000000e+00  0.000000e+00  0.000000e+00  0.000000e+00  2.499999e-05  9.999995e-06  3.741656e-03
       8000       8000       8000 4.90234375000000e-01 4.90234375000000e-01 4.90234375000000e-01  1.000000e+00  0.000000e+00  0.000000e+00  0.000000e+00  2.499999e-05  9.999995e-06  3.741656e-03
       8064       8064       8064 4.94140625000000e-01 4.94140625000000e-01 4.94140625000000e-01  1.000000e+00  0.000000e+00  0.000000e+00  0.000000e+00  1.015625e+06  4.062500e+05  7.541552e+02
       8128       8128       8128 4.98046875000000e-01 4.98046875000000e-01 4.98046875000000e-01  1.000000e+00  0.000000e+00  0.000000e+00  0.000000e+00  2.500000e+06  1.000000e+06  1.183216e+03
       8192       8192       8192 5.01953125000000e-01 5.01953125000000e-01 5.01953125000000e-01  1.000000e+00  0.000000e+00  0.000000e+00  0.000000e+00  2.500000e+06  1.000000e+06  1.183216e+03
       8256       8256       8256 5.05859375000000e-01 5.05859375000000e-01 5.05859375000000e-01  1.000000e+00  0.000000e+00  0.000000e+00  0.000000e+00  1.015625e+06  4.062500e+05  7.541552e+02
       8320       8320       8320 5.09765625000000e-01 5.09765625000000e-01 5.09765625000000e-01  1.000000e+00  0.000000e+00  0.000000e+00  0.000000e+00  2.499999e-05  9.999995e-06  3.741656e-03
       8384       8384       8384 5.13671875000000e-01 5.13671875000000e-01 5.13671875000000e-01  1.000000e+00  0.000000e+00  0.000000e+00  0.000000e+00  2.499999e-05  9.999995e-06  3.741656e-03
       8448       8448       8448 5.17578125000000e-01 5.17578125000000e-01 5.17578125000000e-01  1.000000e+00  0.000000e+00  0.000000e+00  0.000000e+00  2.499999e-05  9.999995e-06  3.741656e-03
       8512       8512       8512 5.21484375000000e-01 5.21484375000000e-01 5.21484375000000e-01  1.000000e+00  0.000000e+00  0.000000e+00  0.000000e+00  2.499999e-05  9.999995e-06  3.741656e-03
       8576       8576       8576 5.25390625000000e-01 5.25390625000000e-01 5.25390625000000e-01  1.000000e+00  0.000000e+00  0.000000e+00  0.000000e+00  2.499999e-05  9.999995e-06  3.741656e-03
       8640       8640       8640 5.29296875000000e-01 5.29296875000000e-01 5.29296875000000e-01  1.000000e+00  0.000000e+00  0.000000e+00  0.000000e+00  2.499999e-05  9.999995e-06  3.741656e-03
       8704       8704       8704 5.33203125000000e-01 5.33203125000000e-01 5.33203125000000e-01  1.000000e+00  0.000000e+00  0.000000e+00  0.000000e+00  2.499999e-05  9.999995e-06  3.741656e-03
       8768       8768       8768 5.37109375000000e-01 5.37109375000000e-01 5.37109375000000e-01  1.000000e+00  0.000000e+00  0.000000e+00  0.000000e+00  2.499999e-05  9.999995e-06  3.741656e-03
       8832       8832       8832 5.41015625000000e-01 5.41015625000000e-01 5.41015625000000e-01  1.000000e+00  0.000000e+00  0.000000e+00  0.000000e+00  2.499999e-05  9.999995e-06  3.741656e-03
       8896       8896       8896 5.44921875000000e-01 5.44921875000000e-01 5.44921875000000e-01  1.000000e+00  0.000000e+00  0.000000e+00  0.000000e+00  2.499999e-05  9.999995e-06  3.741656e-03
       8960       8960       8960 5.48828125000000e-01 5.48828125000000e-01 5.48828125000000e-01  1.000000e+00  0.000000e+00  0.000000e+00  0.000000e+00  2.499999e-05  9.999995e-06  3.741656e-03
       9024       9024       9024 5.52734375000000e-01 5.52734375000000e-01 5.52734375000000e-01  1.000000e+00  0.000000e+00  0.000000e+00  0.000000e+00  2.499999e-05  9.999995e-06  3.741656e-03
       9088       9088       9088 5.56640625000000e-01 5.56640625000000e-01 5.56640625000000e-01  1.000000e+00  0.000000e+00  0.000000e+00  0.000000e+00  2.499999e-05  9.999995e-06  3.741656e-03
       9152       9152       9152 5.60546875000000e-01 5.60546875000000e-01 5.60546875000000e-01  1.000000e+00  0.000000e+00  0.000000e+00  0.000000e+00  2.499999e-05  9.999995e-06  3.741656e-03
