#         Time          Step               dt         NCell  NUpdate_Cell   ElapsedTime  Perf_Overall  Perf_PerRank   NUpdate_Lv0   NUpdate_Lv1   NUpdate_Lv2   NUpdate_Lv3   NUpdate_Lv4   NUpdate_Lv5   NUpdate_Lv6   NUpdate_Lv7   NUpdate_Lv8   NUpdate_Lv9
 9.9344012e-05             1    9.9344012e-05      7.86e+05      2.08e+07      4.42e-01      4.71e+07      4.71e+07             1             8            24            54             0             0             0             0             0             0
 1.7787370e-04             2    7.8529687e-05      8.19e+05      1.21e+07      3.78e-01      3.20e+07      3.20e+07             1             7            13            26             0             0             0             0             0             0
 2.3941494e-04             3    6.1541243e-05      8.19e+05      8.68e+06      2.70e-01      3.21e+07      3.21e+07             1             5             9            19             0             0             0             0             0             0
 2.8726020e-04             4    4.7845260e-05      8.19e+05      6.59e+06      2.15e-01      3.06e+07      3.06e+07             1             4             7            14             0             0             0             0             0             0
 3.2967648e-04             5    4.2416275e-05      8.19e+05      5.54e+06      1.79e-01      3.10e+07      3.10e+07             1             3             6            12             0             0             0             0             0             0
 3.6889328e-04             6    3.9216800e-05      9.18e+05      6.36e+06      2.07e-01      3.07e+07      3.07e+07             1             3             6            11             0             0             0             0             0             0
 4.0619492e-04             7    3.7301645e-05      9.18e+05      5.73e+06      1.86e-01      3.09e+07      3.09e+07             1             3             5            10             0             0             0             0             0             0
 4.4241549e-04             8    3.6220572e-05      9.18e+05      5.73e+06      1.89e-01      3.04e+07      3.04e+07             1             3             5            10             0             0             0             0             0             0
 4.7474265e-04             9    3.2327156e-05      1.11e+06      6.88e+06      2.13e-01      3.22e+07      3.22e+07             1             2             5             9             0             0             0             0             0             0
 5.0000000e-04            10    2.5257350e-05      1.11e+06      5.51e+06      4.32e-01      1.27e+07      1.27e+07             1             2             4             7             0             0             0             0             0             0
 5.3535471e-04            11    3.5354711e-05      1.11e+06      7.70e+06      2.47e-01      3.12e+07      3.12e+07             1             3             5            10             0             0             0             0             0             0
 5.6882282e-04            12    3.3468110e-05      1.11e+06      6.88e+06      2.14e-01      3.22e+07      3.22e+07             1             2             5             9             0             0             0             0             0             0
 6.0249625e-04            13    3.3673434e-05      1.21e+06      7.77e+06      2.45e-01      3.17e+07      3.17e+07             1             2             5             9             0             0             0             0             0             0
 6.3651897e-04            14    3.4022716e-05      1.21e+06      7.77e+06      2.36e-01      3.29e+07      3.29e+07             1             2             5             9             0             0             0             0             0             0
 6.7087997e-04            15    3.4360997e-05      1.21e+06      7.77e+06      2.29e-01      3.39e+07      3.39e+07             1             2             5             9             0             0             0             0             0             0
 7.0557262e-04            16    3.4692650e-05      1.21e+06      7.77e+06      2.33e-01      3.34e+07      3.34e+07             1             2             5             9             0             0             0             0             0             0
 7.4057952e-04            17    3.5006899e-05      1.21e+06      7.77e+06      2.33e-01      3.34e+07      3.34e+07             1             2             5             9             0             0             0             0             0             0
 7.7589450e-04            18    3.5314988e-05      1.21e+06      7.50e+06      2.24e-01      3.34e+07      3.34e+07             1             2             4             9             0             0             0             0             0             0
 8.1150160e-04            19    3.5607096e-05      1.21e+06      7.77e+06      2.31e-01      3.36e+07      3.36e+07             1             2             5             9             0             0             0             0             0             0
 8.4735984e-04            20    3.5858244e-05      1.21e+06      7.50e+06      2.24e-01      3.36e+07      3.36e+07             1             2             4             9             0             0             0             0             0             0
 8.8345572e-04            21    3.6095873e-05      1.21e+06      7.50e+06      2.24e-01      3.35e+07      3.35e+07             1             2             4             9             0             0             0             0             0             0
 9.1978365e-04            22    3.6327929e-05      1.21e+06      7.50e+06      2.25e-01      3.33e+07      3.33e+07             1             2             4             9             0             0             0             0             0             0
 9.5631533e-04            23    3.6531685e-05      1.21e+06      7.50e+06      2.20e-01      3.42e+07      3.42e+07             1             2             4             9             0             0             0             0             0             0
 9.9301222e-04            24    3.6696889e-05      1.21e+06      7.50e+06      2.25e-01      3.33e+07      3.33e+07             1             2             4             9             0             0             0             0             0             0
 1.0000000e-03            25    6.9877805e-06      1.21e+06      1.87e+06      3.44e-01      5.43e+06      5.43e+06             1             1             1             2             0             0             0             0             0             0
 1.0373927e-03            26    3.7392689e-05      1.21e+06      7.50e+06      2.29e-01      3.28e+07      3.28e+07             1             2             4             9             0             0             0             0             0             0
 1.0744792e-03            27    3.7086545e-05      1.21e+06      7.50e+06      2.21e-01      3.40e+07      3.40e+07             1             2             4             9             0             0             0             0             0             0
 1.1117485e-03            28    3.7269274e-05      1.21e+06      6.85e+06      2.10e-01      3.27e+07      3.27e+07             1             2             4             8             0             0             0             0             0             0
 1.1492024e-03            29    3.7453909e-05      1.21e+06      6.85e+06      2.02e-01      3.39e+07      3.39e+07             1             2             4             8             0             0             0             0             0             0
 1.1868408e-03            30    3.7638398e-05      1.21e+06      6.85e+06      2.06e-01      3.32e+07      3.32e+07             1             2             4             8             0             0             0             0             0             0
 1.2246625e-03            31    3.7821643e-05      1.21e+06      6.85e+06      2.05e-01      3.34e+07      3.34e+07             1             2             4             8             0             0             0             0             0             0
 1.2626690e-03            32    3.8006569e-05      1.31e+06      7.24e+06      2.18e-01      3.32e+07      3.32e+07             1             2             4             8             0             0             0             0             0             0
 1.3008577e-03            33    3.8188671e-05      1.41e+06      8.03e+06      2.30e-01      3.49e+07      3.49e+07             1             2             4             8             0             0             0             0             0             0
 1.3392279e-03            34    3.8370177e-05      1.41e+06      8.03e+06      2.55e-01      3.15e+07      3.15e+07             1             2             4             8             0             0             0             0             0             0
 1.3777784e-03            35    3.8550519e-05      1.41e+06      8.03e+06      2.40e-01      3.35e+07      3.35e+07             1             2             4             8             0             0             0             0             0             0
 1.4165080e-03            36    3.8729613e-05      1.61e+06      8.81e+06      2.49e-01      3.54e+07      3.54e+07             1             2             4             8             0             0             0             0             0             0
 1.4554153e-03            37    3.8907285e-05      1.70e+06      9.60e+06      2.76e-01      3.48e+07      3.48e+07             1             2             4             8             0             0             0             0             0             0
 1.4944963e-03            38    3.9081020e-05      1.70e+06      9.60e+06      2.84e-01      3.38e+07      3.38e+07             1             2             4             8             0             0             0             0             0             0
 1.5000000e-03            39    5.5036889e-06      1.70e+06      2.56e+06      4.60e-01      5.56e+06      5.56e+06             1             1             1             2             0             0             0             0             0             0
 1.5399113e-03            40    3.9911338e-05      1.70e+06      1.05e+07      3.03e-01      3.45e+07      3.45e+07             1             2             4             9             0             0             0             0             0             0
 1.5793626e-03            41    3.9451235e-05      1.80e+06      9.99e+06      2.88e-01      3.47e+07      3.47e+07             1             2             4             8             0             0             0             0             0             0
 1.6189846e-03            42    3.9622068e-05      1.80e+06      9.99e+06      2.93e-01      3.41e+07      3.41e+07             1             2             4             8             0             0             0             0             0             0
 1.6587735e-03            43    3.9788898e-05      1.80e+06      9.99e+06      2.83e-01      3.53e+07      3.53e+07             1             2             4             8             0             0             0             0             0             0
 1.6987285e-03            44    3.9954968e-05      1.90e+06      1.08e+07      2.97e-01      3.63e+07      3.63e+07             1             2             4             8             0             0             0             0             0             0
 1.7388451e-03            45    4.0116553e-05      1.90e+06      1.08e+07      3.06e-01      3.52e+07      3.52e+07             1             2             4             8             0             0             0             0             0             0
 1.7791225e-03            46    4.0277442e-05      1.90e+06      1.08e+07      3.01e-01      3.58e+07      3.58e+07             1             2             4             8             0             0             0             0             0             0
 1.8195593e-03            47    4.0436826e-05      1.90e+06      1.08e+07      3.09e-01      3.49e+07      3.49e+07             1             2             4             8             0             0             0             0             0             0
 1.8601529e-03            48    4.0593553e-05      1.90e+06      1.08e+07      3.03e-01      3.56e+07      3.56e+07             1             2             4             8             0             0             0             0             0             0
 1.9009019e-03            49    4.0749030e-05      2.10e+06      1.24e+07      3.34e-01      3.70e+07      3.70e+07             1             2             4             8             0             0             0             0             0             0
 1.9418045e-03            50    4.0902614e-05      2.10e+06      1.24e+07      3.48e-01      3.55e+07      3.55e+07             1             2             4             8             0             0             0             0             0             0
 1.9828578e-03            51    4.1053274e-05      2.10e+06      1.24e+07      3.52e-01      3.51e+07      3.51e+07             1             2             4             8             0             0             0             0             0             0
 2.0000000e-03            52    1.7142202e-05      2.10e+06      6.19e+06      6.31e-01      9.81e+06      9.81e+06             1             1             2             4             0             0             0             0             0             0
 2.0419355e-03            53    4.1935549e-05      2.20e+06      1.44e+07      3.90e-01      3.69e+07      3.69e+07             1             2             4             9             0             0             0             0             0             0
 2.0833486e-03            54    4.1413070e-05      2.20e+06      1.31e+07      3.70e-01      3.55e+07      3.55e+07             1             2             4             8             0             0             0             0             0             0
 2.1249089e-03            55    4.1560274e-05      2.20e+06      1.31e+07      3.75e-01      3.50e+07      3.50e+07             1             2             4             8             0             0             0             0             0             0
 2.1666128e-03            56    4.1703879e-05      2.20e+06      1.31e+07      3.70e-01      3.55e+07      3.55e+07             1             2             4             8             0             0             0             0             0             0
 2.2084589e-03            57    4.1846091e-05      2.20e+06      1.31e+07      3.72e-01      3.53e+07      3.53e+07             1             2             4             8             0             0             0             0             0             0
 2.2504441e-03            58    4.1985204e-05      2.20e+06      1.31e+07      3.67e-01      3.58e+07      3.58e+07             1             2             4             8             0             0             0             0             0             0
 2.2925673e-03            59    4.2123258e-05      2.20e+06      1.31e+07      3.72e-01      3.54e+07      3.54e+07             1             2             4             8             0             0             0             0             0             0
 2.3348282e-03            60    4.2260883e-05      2.20e+06      1.31e+07      3.72e-01      3.53e+07      3.53e+07             1             2             4             8             0             0             0             0             0             0
 2.3772251e-03            61    4.2396929e-05      2.20e+06      1.31e+07      3.72e-01      3.53e+07      3.53e+07             1             2             4             8             0             0             0             0             0             0
 2.4197563e-03            62    4.2531188e-05      2.20e+06      1.31e+07      3.68e-01      3.57e+07      3.57e+07             1             2             4             8             0             0             0             0             0             0
 2.4624190e-03            63    4.2662705e-05      2.23e+06      1.34e+07      3.72e-01      3.61e+07      3.61e+07             1             2             4             8             0             0             0             0             0             0
 2.5000000e-03            64    3.7580970e-05      2.23e+06      1.21e+07      8.12e-01      1.49e+07      1.49e+07             1             2             4             7             0             0             0             0             0             0
 2.5435941e-03            65    4.3594096e-05      2.23e+06      1.47e+07      4.18e-01      3.51e+07      3.51e+07             1             2             4             9             0             0             0             0             0             0
 2.5866306e-03            66    4.3036518e-05      2.23e+06      1.34e+07      3.79e-01      3.54e+07      3.54e+07             1             2             4             8             0             0             0             0             0             0
 2.6297965e-03            67    4.3165881e-05      2.23e+06      1.34e+07      3.77e-01      3.55e+07      3.55e+07             1             2             4             8             0             0             0             0             0             0
 2.6730873e-03            68    4.3290773e-05      2.23e+06      1.34e+07      3.74e-01      3.58e+07      3.58e+07             1             2             4             8             0             0             0             0             0             0
 2.7165020e-03            69    4.3414766e-05      2.23e+06      1.34e+07      3.81e-01      3.52e+07      3.52e+07             1             2             4             8             0             0             0             0             0             0
 2.7600401e-03            70    4.3538086e-05      2.23e+06      1.34e+07      3.82e-01      3.51e+07      3.51e+07             1             2             4             8             0             0             0             0             0             0
 2.8037005e-03            71    4.3660337e-05      2.23e+06      1.34e+07      3.83e-01      3.50e+07      3.50e+07             1             2             4             8             0             0             0             0             0             0
 2.8474812e-03            72    4.3780721e-05      2.23e+06      1.34e+07      3.79e-01      3.54e+07      3.54e+07             1             2             4             8             0             0             0             0             0             0
 2.8913807e-03            73    4.3899512e-05      2.23e+06      1.34e+07      3.84e-01      3.49e+07      3.49e+07             1             2             4             8             0             0             0             0             0             0
 2.9353981e-03            74    4.4017386e-05      2.23e+06      1.34e+07      3.78e-01      3.54e+07      3.54e+07             1             2             4             8             0             0             0             0             0             0
 2.9795330e-03            75    4.4134918e-05      2.42e+06      1.50e+07      3.90e-01      3.84e+07      3.84e+07             1             2             4             8             0             0             0             0             0             0
 3.0000000e-03            76    2.0467005e-05      2.42e+06      7.50e+06      7.20e-01      1.04e+07      1.04e+07             1             1             2             4             0             0             0             0             0             0
 3.0409340e-03            77    4.0934010e-05      2.42e+06      1.50e+07      4.36e-01      3.43e+07      3.43e+07             1             2             4             8             0             0             0             0             0             0
 3.0853520e-03            78    4.4418015e-05      2.42e+06      1.50e+07      4.18e-01      3.58e+07      3.58e+07             1             2             4             8             0             0             0             0             0             0
 3.1298742e-03            79    4.4522149e-05      2.42e+06      1.50e+07      4.12e-01      3.64e+07      3.64e+07             1             2             4             8             0             0             0             0             0             0
 3.1745083e-03            80    4.4634078e-05      2.59e+06      1.63e+07      4.42e-01      3.69e+07      3.69e+07             1             2             4             8             0             0             0             0             0             0
 3.2192536e-03            81    4.4745317e-05      2.59e+06      1.63e+07      4.51e-01      3.61e+07      3.61e+07             1             2             4             8             0             0             0             0             0             0
 3.2641082e-03            82    4.4854649e-05      2.59e+06      1.63e+07      4.55e-01      3.58e+07      3.58e+07             1             2             4             8             0             0             0             0             0             0
 3.3090707e-03            83    4.4962435e-05      2.59e+06      1.63e+07      4.52e-01      3.60e+07      3.60e+07             1             2             4             8             0             0             0             0             0             0
 3.3541377e-03            84    4.5067041e-05      2.59e+06      1.63e+07      4.57e-01      3.56e+07      3.56e+07             1             2             4             8             0             0             0             0             0             0
 3.3993135e-03            85    4.5175788e-05      2.59e+06      1.63e+07      4.50e-01      3.62e+07      3.62e+07             1             2             4             8             0             0             0             0             0             0
 3.4445932e-03            86    4.5279729e-05      2.59e+06      1.63e+07      4.55e-01      3.58e+07      3.58e+07             1             2             4             8             0             0             0             0             0             0
 3.4899767e-03            87    4.5383458e-05      2.59e+06      1.63e+07      4.52e-01      3.60e+07      3.60e+07             1             2             4             8             0             0             0             0             0             0
 3.5000000e-03            88    1.0023332e-05      2.59e+06      4.23e+06      6.91e-01      6.11e+06      6.11e+06             1             1             1             2             0             0             0             0             0             0
 3.5462079e-03            89    4.6207868e-05      2.59e+06      1.63e+07      4.60e-01      3.54e+07      3.54e+07             1             2             4             8             0             0             0             0             0             0
 3.5918188e-03            90    4.5610897e-05      2.59e+06      1.63e+07      4.62e-01      3.52e+07      3.52e+07             1             2             4             8             0             0             0             0             0             0
 3.6375319e-03            91    4.5713154e-05      2.59e+06      1.63e+07      4.52e-01      3.60e+07      3.60e+07             1             2             4             8             0             0             0             0             0             0
 3.6833459e-03            92    4.5813948e-05      2.59e+06      1.63e+07      6.32e-01      2.58e+07      2.58e+07             1             2             4             8             0             0             0             0             0             0
 3.7292586e-03            93    4.5912715e-05      2.59e+06      1.63e+07      4.56e-01      3.57e+07      3.57e+07             1             2             4             8             0             0             0             0             0             0
 3.7752701e-03            94    4.6011486e-05      2.59e+06      1.63e+07      4.56e-01      3.57e+07      3.57e+07             1             2             4             8             0             0             0             0             0             0
 3.8213803e-03            95    4.6110235e-05      2.59e+06      1.63e+07      4.52e-01      3.60e+07      3.60e+07             1             2             4             8             0             0             0             0             0             0
 3.8675884e-03            96    4.6208053e-05      2.59e+06      1.63e+07      4.57e-01      3.56e+07      3.56e+07             1             2             4             8             0             0             0             0             0             0
 3.9138928e-03            97    4.6304493e-05      2.59e+06      1.63e+07      4.61e-01      3.53e+07      3.53e+07             1             2             4             8             0             0             0             0             0             0
 3.9602927e-03            98    4.6399869e-05      2.59e+06      1.63e+07      4.59e-01      3.55e+07      3.55e+07             1             2             4             8             0             0             0             0             0             0
 4.0000000e-03            99    3.9707282e-05      2.59e+06      1.46e+07      9.54e-01      1.54e+07      1.54e+07             1             2             4             7             0             0             0             0             0             0
 4.0472850e-03           100    4.7284975e-05      2.59e+06      1.63e+07      4.63e-01      3.52e+07      3.52e+07             1             2             4             8             0             0             0             0             0             0
 4.0939574e-03           101    4.6672405e-05      2.59e+06      1.63e+07      4.54e-01      3.59e+07      3.59e+07             1             2             4             8             0             0             0             0             0             0
 4.1407247e-03           102    4.6767302e-05      2.59e+06      1.63e+07      4.64e-01      3.51e+07      3.51e+07             1             2             4             8             0             0             0             0             0             0
 4.1875850e-03           103    4.6860303e-05      2.59e+06      1.63e+07      4.58e-01      3.55e+07      3.55e+07             1             2             4             8             0             0             0             0             0             0
 4.2345368e-03           104    4.6951856e-05      2.59e+06      1.63e+07      4.63e-01      3.51e+07      3.51e+07             1             2             4             8             0             0             0             0             0             0
 4.2815801e-03           105    4.7043264e-05      2.59e+06      1.63e+07      4.62e-01      3.53e+07      3.53e+07             1             2             4             8             0             0             0             0             0             0
 4.3287144e-03           106    4.7134261e-05      2.59e+06      1.63e+07      4.62e-01      3.53e+07      3.53e+07             1             2             4             8             0             0             0             0             0             0
 4.3759391e-03           107    4.7224748e-05      2.59e+06      1.63e+07      4.58e-01      3.56e+07      3.56e+07             1             2             4             8             0             0             0             0             0             0
 4.4232539e-03           108    4.7314759e-05      2.69e+06      1.71e+07      4.83e-01      3.54e+07      3.54e+07             1             2             4             8             0             0             0             0             0             0
 4.4706578e-03           109    4.7403966e-05      2.69e+06      1.71e+07      4.78e-01      3.57e+07      3.57e+07             1             2             4             8             0             0             0             0             0             0
 4.5000000e-03           110    2.9342160e-05      2.69e+06      1.12e+07      8.95e-01      1.25e+07      1.25e+07             1             2             3             5             0             0             0             0             0             0
 4.5482587e-03           111    4.8258702e-05      2.69e+06      1.71e+07      4.83e-01      3.53e+07      3.53e+07             1             2             4             8             0             0             0             0             0             0
 4.5958932e-03           112    4.7634509e-05      2.79e+06      1.79e+07      4.98e-01      3.58e+07      3.58e+07             1             2             4             8             0             0             0             0             0             0
 4.6436157e-03           113    4.7722489e-05      2.79e+06      1.79e+07      5.04e-01      3.55e+07      3.55e+07             1             2             4             8             0             0             0             0             0             0
 4.6914253e-03           114    4.7809601e-05      2.88e+06      1.83e+07      5.10e-01      3.58e+07      3.58e+07             1             2             4             8             0             0             0             0             0             0
 4.7393210e-03           115    4.7895668e-05      2.88e+06      1.83e+07      5.13e-01      3.56e+07      3.56e+07             1             2             4             8             0             0             0             0             0             0
 4.7873015e-03           116    4.7980524e-05      3.08e+06      1.98e+07      5.46e-01      3.63e+07      3.63e+07             1             2             4             8             0             0             0             0             0             0
 4.8353667e-03           117    4.8065202e-05      3.08e+06      1.98e+07      5.55e-01      3.57e+07      3.57e+07             1             2             4             8             0             0             0             0             0             0
 4.8835164e-03           118    4.8149686e-05      3.18e+06      2.02e+07      5.63e-01      3.59e+07      3.59e+07             1             2             4             8             0             0             0             0             0             0
 4.9317505e-03           119    4.8234157e-05      3.18e+06      2.02e+07      5.67e-01      3.56e+07      3.56e+07             1             2             4             8             0             0             0             0             0             0
 4.9800690e-03           120    4.8318456e-05      3.28e+06      2.10e+07      5.87e-01      3.58e+07      3.58e+07             1             2             4             8             0             0             0             0             0             0
 5.0000000e-03           121    1.9931007e-05      3.28e+06      8.39e+06      9.29e-01      9.03e+06      9.03e+06             1             1             2             3             0             0             0             0             0             0
