#         Time          Step     Virtual_Max (MB)    Virtual_Sum (MB)   Resident_Max (MB)   Resident_Sum (MB)
 0.0000000e+00             0             8382.03             8382.03             1033.11             1033.11
 9.9344012e-05             1             8392.13             8392.13             1047.06             1047.06
 1.7787370e-04             2             8393.43             8393.43             1048.74             1048.74
 2.3941494e-04             3             8393.43             8393.43             1048.75             1048.75
 2.8726020e-04             4             8393.43             8393.43             1048.75             1048.75
 3.2967648e-04             5             8393.43             8393.43             1048.75             1048.75
 3.6889328e-04             6             8397.44             8397.44             1052.75             1052.75
 4.0619492e-04             7             8397.44             8397.44             1052.75             1052.75
 4.4241549e-04             8             8397.44             8397.44             1052.75             1052.75
 4.7474265e-04             9             8405.30             8405.30             1060.61             1060.61
 5.0000000e-04            10             8408.60             8408.60             1063.91             1063.91
 5.3535471e-04            11             8408.60             8408.60             1063.91             1063.91
 5.6882282e-04            12             8408.60             8408.60             1063.91             1063.91
 6.0249625e-04            13             8409.23             8409.23             1064.55             1064.55
 6.3651897e-04            14             8409.23             8409.23             1064.55             1064.55
 6.7087997e-04            15             8409.23             8409.23             1064.55             1064.55
 7.0557262e-04            16             8409.23             8409.23             1064.55             1064.55
 7.4057952e-04            17             8409.23             8409.23             1064.55             1064.55
 7.7589450e-04            18             8409.23             8409.23             1064.55             1064.55
 8.1150160e-04            19             8409.23             8409.23             1064.55             1064.55
 8.4735984e-04            20             8409.23             8409.23             1064.55             1064.55
 8.8345572e-04            21             8409.23             8409.23             1064.55             1064.55
 9.1978365e-04            22             8409.23             8409.23             1064.57             1064.57
 9.5631533e-04            23             8409.23             8409.23             1064.57             1064.57
 9.9301222e-04            24             8409.23             8409.23             1064.57             1064.57
 1.0000000e-03            25             8412.98             8412.98             1068.28             1068.28
 1.0373927e-03            26             8412.98             8412.98             1068.28             1068.28
 1.0744792e-03            27             8412.98             8412.98             1068.28             1068.28
 1.1117485e-03            28             8412.98             8412.98             1068.30             1068.30
 1.1492024e-03            29             8412.98             8412.98             1068.30             1068.30
 1.1868408e-03            30             8412.98             8412.98             1068.30             1068.30
 1.2246625e-03            31             8412.98             8412.98             1068.30             1068.30
 1.2626690e-03            32             8413.28             8413.28             1068.60             1068.60
 1.3008577e-03            33             8417.12             8417.12             1072.45             1072.45
 1.3392279e-03            34             8417.12             8417.12             1072.55             1072.55
 1.3777784e-03            35             8417.12             8417.12             1072.55             1072.55
 1.4165080e-03            36             8425.14             8425.14             1079.91             1079.91
 1.4554153e-03            37             8429.00             8429.00             1084.34             1084.34
 1.4944963e-03            38             8429.00             8429.00             1084.37             1084.37
 1.5000000e-03            39             8433.75             8433.75             1089.09             1089.09
 1.5399113e-03            40             8433.75             8433.75             1089.09             1089.09
 1.5793626e-03            41             8433.75             8433.75             1089.09             1089.09
 1.6189846e-03            42             8433.75             8433.75             1089.09             1089.09
 1.6587735e-03            43             8433.75             8433.75             1089.09             1089.09
 1.6987285e-03            44             8436.98             8436.98             1092.28             1092.28
 1.7388451e-03            45             8436.98             8436.98             1092.31             1092.31
 1.7791225e-03            46             8436.98             8436.98             1092.31             1092.31
 1.8195593e-03            47             8436.98             8436.98             1092.31             1092.31
 1.8601529e-03            48             8436.98             8436.98             1092.31             1092.31
 1.9009019e-03            49             8444.84             8444.84             1099.90             1099.90
 1.9418045e-03            50             8444.84             8444.84             1100.17             1100.17
 1.9828578e-03            51             8444.84             8444.84             1100.18             1100.18
 2.0000000e-03            52             8450.91             8450.91             1106.24             1106.24
 2.0419355e-03            53             8450.91             8450.91             1106.24             1106.24
 2.0833486e-03            54             8450.91             8450.91             1106.24             1106.24
 2.1249089e-03            55             8450.91             8450.91             1106.24             1106.24
 2.1666128e-03            56             8450.91             8450.91             1106.24             1106.24
 2.2084589e-03            57             8450.91             8450.91             1106.24             1106.24
 2.2504441e-03            58             8450.91             8450.91             1106.24             1106.24
 2.2925673e-03            59             8450.91             8450.91             1106.24             1106.24
 2.3348282e-03            60             8450.91             8450.91             1106.24             1106.24
 2.3772251e-03            61             8450.91             8450.91             1106.24             1106.24
 2.4197563e-03            62             8450.91             8450.91             1106.24             1106.24
 2.4624190e-03            63             8450.91             8450.91             1106.24             1106.24
 2.5000000e-03            64             8456.72             8456.72             1112.05             1112.05
 2.5435941e-03            65             8456.72             8456.72             1112.05             1112.05
 2.5866306e-03            66             8456.72             8456.72             1112.05             1112.05
 2.6297965e-03            67             8456.72             8456.72             1112.05             1112.05
 2.6730873e-03            68             8456.72             8456.72             1112.05             1112.05
 2.7165020e-03            69             8456.72             8456.72             1112.05             1112.05
 2.7600401e-03            70             8456.72             8456.72             1112.05             1112.05
 2.8037005e-03            71             8456.72             8456.72             1112.05             1112.05
 2.8474812e-03            72             8456.72             8456.72             1112.05             1112.05
 2.8913807e-03            73             8456.72             8456.72             1112.05             1112.05
 2.9353981e-03            74             8456.72             8456.72             1112.05             1112.05
 2.9795330e-03            75             8458.04             8458.04             1113.30             1113.30
 3.0000000e-03            76             8465.54             8465.54             1120.86             1120.86
 3.0409340e-03            77             8465.54             8465.54             1120.87             1120.87
 3.0853520e-03            78             8465.54             8465.54             1120.87             1120.87
 3.1298742e-03            79             8465.54             8465.54             1120.87             1120.87
 3.1745083e-03            80             8465.85             8465.85             1121.27             1121.27
 3.2192536e-03            81             8465.85             8465.85             1121.27             1121.27
 3.2641082e-03            82             8465.92             8465.92             1121.34             1121.34
 3.3090707e-03            83             8465.92             8465.92             1121.34             1121.34
 3.3541377e-03            84             8465.92             8465.92             1121.34             1121.34
 3.3993135e-03            85             8465.92             8465.92             1121.34             1121.34
 3.4445932e-03            86             8465.92             8465.92             1121.35             1121.35
 3.4899767e-03            87             8465.92             8465.92             1121.35             1121.35
 3.5000000e-03            88             8474.24             8474.24             1129.55             1129.55
 3.5462079e-03            89             8474.24             8474.24             1129.55             1129.55
 3.5918188e-03            90             8474.24             8474.24             1129.55             1129.55
 3.6375319e-03            91             8474.24             8474.24             1129.55             1129.55
 3.6833459e-03            92             8474.24             8474.24             1129.55             1129.55
 3.7292586e-03            93             8474.24             8474.24             1129.55             1129.55
 3.7752701e-03            94             8474.24             8474.24             1129.55             1129.55
 3.8213803e-03            95             8474.24             8474.24             1129.55             1129.55
 3.8675884e-03            96             8474.24             8474.24             1129.55             1129.55
 3.9138928e-03            97             8474.24             8474.24             1129.55             1129.55
 3.9602927e-03            98             8474.24             8474.24             1129.55             1129.55
 4.0000000e-03            99             8474.75             8474.75             1130.05             1130.05
 4.0472850e-03           100             8474.75             8474.75             1130.05             1130.05
 4.0939574e-03           101             8474.75             8474.75             1130.05             1130.05
 4.1407247e-03           102             8474.75             8474.75             1130.05             1130.05
 4.1875850e-03           103             8474.75             8474.75             1130.05             1130.05
 4.2345368e-03           104             8474.75             8474.75             1130.05             1130.05
 4.2815801e-03           105             8474.75             8474.75             1130.05             1130.05
 4.3287144e-03           106             8474.75             8474.75             1130.05             1130.05
 4.3759391e-03           107             8474.75             8474.75             1130.05             1130.05
 4.4232539e-03           108             8474.75             8474.75             1130.07             1130.07
 4.4706578e-03           109             8474.75             8474.75             1130.07             1130.07
 4.5000000e-03           110             8477.38             8477.38             1132.71             1132.71
 4.5482587e-03           111             8477.38             8477.38             1132.71             1132.71
 4.5958932e-03           112             8477.38             8477.38             1132.71             1132.71
 4.6436157e-03           113             8477.38             8477.38             1132.71             1132.71
 4.6914253e-03           114             8477.38             8477.38             1132.71             1132.71
 4.7393210e-03           115             8477.38             8477.38             1132.71             1132.71
 4.7873015e-03           116             8484.63             8484.63             1139.81             1139.81
 4.8353667e-03           117             8484.63             8484.63             1139.96             1139.96
 4.8835164e-03           118             8488.46             8488.46             1143.41             1143.41
 4.9317505e-03           119             8488.46             8488.46             1143.86             1143.86
 4.9800690e-03           120             8492.34             8492.34             1147.63             1147.63
 5.0000000e-03           121             8502.79             8502.79             1158.12             1158.12
